10 10 30 3
19 11 12
11 10 18
9 17 14
19 16 13
9 7 13
8 15 11
6 17 13
6 6 12
18 13 16
16 17 20
13 10 9
10 8 5
10 12 13
6 11 20
10 12 13
8 10 14
13 12 20
14 9 15
10 15 7
7 11 17
16 9 9
12 5 14
11 20 5
16 7 13
11 20 9
18 6 13
15 19 10
10 7 13
17 18 17
6 9 14
118 226 252 332
118 206 352 146
117 335 317 387
58 254 177 115
17 139 115 111
2 248 257 332
48 166 349 151
106 90 105 327
43 177 129 176
40 152 383 408
19 35 95 69 70 61 94 49 75 55
22 9 76 87 2 16 35 94 63 21
98 83 84 10 82 58 43 42 97 53
90 10 56 23 94 69 85 76 24 71
26 57 59 82 29 16 6 59 66 94
23 2 37 89 54 45 91 22 9 97
94 99 25 30 96 7 88 16 48 43
63 58 67 52 92 1 34 34 63 90
63 51 77 45 16 46 100 66 63 74
84 21 25 32 85 45 43 60 76 28
91 78 87 89 36 51 13 99 89 29
23 24 53 9 46 93 72 33 58 57
1 81 48 41 4 24 48 67 91 29
7 49 27 39 4 73 30 99 53 86
78 17 59 35 71 50 63 18 74 13
80 83 6 41 13 80 100 52 17 16
60 36 12 47 46 80 85 58 58 37
96 92 12 36 25 50 99 77 79 21
50 8 19 68 3 50 73 87 51 90
11 52 46 74 14 19 44 77 52 38
55 29 68 79 48 23 64 62 43 30
23 63 82 97 95 85 97 76 75 30
7 20 83 20 44 20 27 88 49 38
80 85 2 26 44 19 98 56 83 32
22 62 14 51 1 35 43 17 46 64
23 17 72 97 6 12 100 39 6 53
20 43 71 44 13 96 49 2 97 62
70 26 17 69 38 58 79 92 7 2
5 53 49 58 13 45 10 5 34 58
96 44 26 36 97 7 42 20 98 98
118 226 208 362
118 310 362 464
117 319 352 105
78 127 183 263
43 348 188 360
12 277 253 179
88 333 334 100
71 349 108 398
101 209 390 256
55 146 334 317
66 49 26 15 47 47 24 75 71 34 80 39 77 39 19 98 12 19 42 66 23 22 78 94 65 69 17 14 22 14
84 10 48 87 56 32 72 72 39 56 8 62 98 43 100 61 82 62 81 42 80 79 6 60 30 100 84 26 2 91
76 66 72 63 59 3 90 57 85 7 58 57 53 47 14 54 53 22 34 29 56 100 11 34 1 67 66 64 30 100
98 2 44 29 39 56 87 35 45 74 17 11 10 84 88 48 31 17 68 83 76 51 75 85 7 66 40 24 52 72
74 15 68 33 14 18 46 38 98 97 48 15 51 98 44 43 95 72 25 76 88 74 31 38 32 16 91 40 63 72
86 38 63 67 33 42 64 15 31 2 31 44 72 81 46 58 15 10 61 49 84 36 40 70 58 59 88 21 81 19
61 88 88 66 60 51 27 78 20 18 78 16 78 52 62 77 30 17 87 6 43 5 45 91 58 51 35 84 25 94
90 85 84 4 14 35 29 36 89 68 53 31 50 54 57 85 65 65 94 87 85 26 13 67 44 45 49 75 75 82
15 40 6 24 97 74 89 53 92 59 40 91 69 74 4 87 54 42 98 58 75 99 23 38 25 47 96 54 79 38
27 88 5 68 93 68 54 98 42 48 17 85 48 80 28 82 9 42 27 39 96 76 8 23 68 37 100 37 44 11
75 45 19 79 1 92 50 60 97 45 9 82 66 84 62 19 51 87 40 12 17 29 40 70 71 100 28 84 49 32
4 65 88 45 70 85 53 72 90 30 33 36 73 13 25 25 10 38 93 20 49 90 93 39 50 74 17 94 100 60
73 69 78 49 32 62 5 65 83 45 57 40 1 54 98 49 8 1 50 73 85 26 47 89 79 5 38 89 86 66
79 1 68 79 48 84 46 32 77 95 4 96 66 73 80 36 63 7 61 21 56 38 83 20 6 96 84 26 52 2
76 30 43 1 76 73 64 15 58 30 21 99 43 35 70 45 84 75 32 64 77 88 71 55 66 2 72 28 86 83
82 60 48 74 87 64 18 97 50 77 92 10 29 77 1 22 33 52 87 6 15 61 32 87 15 99 29 17 26 62
63 58 35 12 6 85 35 3 89 15 20 13 90 21 14 97 87 16 80 89 24 29 95 16 82 6 33 12 87 84
56 97 64 67 26 37 1 26 10 21 6 24 66 76 5 31 19 2 71 95 63 56 19 14 3 17 47 21 23 74
36 12 73 73 50 31 82 28 74 3 68 65 2 40 27 8 66 33 3 17 16 82 86 42 41 42 87 87 24 14
44 15 85 29 7 94 65 53 76 22 18 25 98 68 46 51 19 57 30 55 39 66 80 4 73 67 25 40 65 2
27 57 71 98 82 8 65 94 5 78 67 95 80 88 57 67 29 86 94 69 32 40 37 83 84 68 7 57 54 77
36 81 17 25 88 1 60 99 47 86 5 7 87 76 10 85 29 72 17 47 76 90 8 20 14 67 40 19 23 79
30 60 79 38 43 21 68 6 75 59 4 51 66 7 67 7 4 50 13 26 96 74 42 11 2 51 41 77 90 69
41 91 22 89 25 16 39 74 95 18 90 1 45 70 69 93 39 34 3 72 34 36 35 17 3 91 27 89 30 63
25 72 92 20 64 79 17 72 55 46 91 52 31 72 70 21 9 96 47 40 57 53 31 88 13 26 10 51 3 38
44 87 88 55 52 19 87 16 51 90 84 53 25 81 7 27 4 92 1 62 89 39 65 17 40 43 80 43 74 57
29 66 75 41 57 19 30 33 3 54 7 26 24 87 87 100 21 28 67 30 99 41 98 52 32 19 74 79 87 80
73 67 39 85 38 72 89 83 64 14 97 65 36 1 60 48 2 1 91 48 29 1 69 20 75 56 28 36 90 58
89 53 11 98 3 98 33 96 72 55 24 98 97 53 21 84 42 88 65 67 43 89 42 2 13 44 90 21 24 2
29 93 45 68 4 37 24 22 96 28 29 71 54 21 50 87 52 81 31 49 41 70 7 94 81 14 27 93 72 68
