20 20 30 3
8 20 12
18 17 15
15 19 6
15 11 6
18 16 16
19 18 13
8 7 13
14 15 10
18 17 7
18 9 17
17 6 13
19 16 13
16 9 8
8 12 17
13 11 6
20 12 19
11 14 6
15 9 13
15 5 15
6 10 11
5 13 5
9 10 17
17 7 9
5 13 6
9 20 18
10 8 11
9 19 7
18 17 17
5 14 13
19 17 19
132 241 115 394
132 325 140 225
132 155 239 165
108 331 102 181
7 166 116 190
21 256 349 311
13 226 300 252
119 267 268 361
36 222 323 487
119 337 133 292
11 193 323 305
112 343 153 358
84 380 193 490
60 292 225 451
14 377 126 138
7 180 97 467
22 332 146 261
37 208 344 481
52 321 286 487
78 151 137 158
75 87 92 78 66 82 56 89 97 29 65 83 30 70 98 36 70 8 50 86
77 99 77 80 69 14 20 94 46 31 43 13 15 89 31 88 11 36 23 40
23 79 32 93 83 67 90 23 25 78 4 10 42 40 84 40 97 26 10 51
34 14 13 21 15 79 98 98 22 37 42 56 87 53 64 98 99 28 52 38
80 6 65 93 25 69 61 32 44 7 19 57 71 65 81 63 59 17 71 17
74 61 20 28 85 59 99 44 62 1 57 78 98 87 96 62 35 78 52 62
63 79 94 15 49 84 79 27 26 46 85 49 18 38 1 73 44 85 85 35
90 40 97 78 24 44 24 6 5 98 92 6 83 28 100 82 97 81 32 94
43 88 59 54 68 50 12 80 35 29 69 5 98 19 43 74 75 79 42 3
91 31 58 59 11 99 99 73 46 68 57 7 56 59 47 7 42 21 48 10
52 4 40 99 78 30 59 96 2 100 65 18 10 41 95 27 59 76 57 15
69 59 77 40 6 22 97 95 90 93 63 94 13 52 37 18 16 74 33 56
52 91 95 45 90 51 44 22 20 27 84 15 100 43 64 36 42 55 82 30
47 27 61 96 20 28 23 18 89 85 92 24 24 11 85 31 24 35 32 26
5 50 27 33 68 48 92 35 2 67 81 11 92 33 33 98 50 12 80 70
63 28 7 76 68 98 71 2 59 52 28 81 24 68 21 35 100 61 60 29
72 38 8 93 61 41 92 55 20 8 28 49 95 15 44 53 64 31 45 10
49 58 22 29 25 43 49 16 65 68 25 15 74 1 96 37 60 94 62 6
39 26 85 26 95 44 54 95 85 58 4 25 45 86 38 16 88 74 18 22
23 39 35 37 18 42 14 61 15 2 4 7 39 93 76 11 14 9 52 36
76 45 41 32 39 19 4 34 82 16 89 92 25 35 75 73 96 27 10 1
10 48 62 4 34 87 71 62 69 61 27 94 14 69 27 71 88 14 48 14
53 5 17 9 86 87 58 22 19 30 98 21 40 93 14 65 26 5 93 86
91 48 44 42 93 12 7 8 92 62 13 7 86 79 73 41 53 51 54 34
73 27 10 82 76 1 3 87 17 67 90 96 34 38 1 78 57 69 72 95
65 84 76 48 45 9 85 100 14 26 64 59 74 93 2 44 47 61 67 27
81 76 19 81 70 32 88 85 66 100 45 19 100 26 76 76 45 84 98 60
10 58 55 46 20 68 53 58 75 89 9 86 16 3 32 60 57 11 75 40
57 5 36 11 70 97 64 3 11 45 37 41 15 69 49 97 41 90 78 11
91 93 6 55 33 47 31 35 58 16 60 35 85 40 6 30 67 34 87 72
24 77 60 58 48 84 85 69 25 25 57 36 91 61 90 99 29 85 45 59
57 44 61 100 81 43 87 86 20 22 75 45 8 54 4 54 69 46 85 33
95 78 59 62 8 91 67 60 70 2 17 72 58 3 20 34 84 7 52 44
32 75 48 8 15 60 50 51 37 65 44 58 11 77 47 55 71 65 73 18
99 48 79 57 28 35 39 1 67 26 27 46 3 36 83 65 12 68 29 36
98 90 72 37 96 17 43 7 90 1 100 83 91 33 93 71 73 74 9 78
56 59 98 67 49 86 86 94 75 23 100 91 26 32 95 100 76 42 69 44
72 3 55 89 14 26 99 50 11 63 37 60 4 23 47 5 81 78 19 13
51 49 25 10 82 50 81 26 4 14 72 53 31 7 88 30 31 53 45 29
20 74 84 21 56 40 19 82 30 7 78 98 96 86 82 65 8 37 35 4
10 91 77 30 61 2 81 97 52 50 91 84 16 16 12 49 33 86 71 87
77 58 45 41 27 20 40 7 60 95 56 97 98 37 48 72 16 17 41 70
28 6 69 26 52 84 98 95 11 59 40 47 65 55 40 48 31 38 22 96
85 74 49 91 90 50 65 64 7 35 24 100 78 57 50 30 38 27 27 34
61 8 11 80 88 48 81 85 80 18 52 92 71 30 63 19 33 11 68 54
97 27 58 30 19 82 79 8 24 12 43 9 41 83 83 13 56 55 61 92
55 6 32 38 53 59 35 82 48 6 26 7 36 39 53 40 72 58 55 48
62 16 29 19 62 95 100 44 5 17 33 70 31 42 47 51 70 31 64 9
13 14 97 97 18 53 62 9 95 57 6 35 58 46 80 55 17 47 59 12
55 32 6 79 31 92 29 46 27 71 30 52 5 100 25 11 3 87 54 81
87 13 45 59 4 56 8 93 65 96 26 59 28 15 35 81 57 56 74 75
84 97 59 54 19 13 78 87 36 84 45 21 88 71 43 79 49 51 9 89
40 96 15 88 78 54 72 58 52 31 70 25 14 78 21 42 64 85 25 69
71 64 37 76 97 56 2 89 17 10 100 28 93 59 24 13 9 55 83 94
46 9 64 10 59 68 3 40 39 94 72 42 38 33 40 67 50 39 43 37
89 53 5 77 84 39 84 42 38 99 87 89 84 66 41 28 9 80 87 99
31 38 21 72 68 22 50 78 49 48 17 85 63 55 35 95 60 62 92 36
66 2 31 26 20 83 47 75 24 51 14 78 74 56 47 36 74 57 25 2
29 23 44 40 4 12 56 55 17 27 73 80 89 95 11 67 16 52 56 15
73 91 16 68 75 22 50 51 15 73 15 57 40 1 5 65 42 58 31 79
132 162 129 264
132 108 177 312
132 289 222 171
112 219 346 153
69 316 312 300
117 375 219 323
4 130 320 369
131 135 287 418
26 145 142 301
22 140 207 202
20 169 147 461
106 110 236 197
36 390 133 264
11 301 315 331
94 274 226 176
49 290 123 498
96 267 171 357
98 354 173 347
94 280 303 207
17 201 160 298
25 66 7 22 30 13 69 77 69 57 95 50 21 33 27 22 25 10 57 77 61 69 60 93 28 89 39 67 84 96
66 68 29 78 44 50 1 47 98 85 97 76 18 64 76 48 32 4 92 24 96 40 59 66 62 96 76 89 55 1
77 100 16 72 92 24 94 1 59 13 79 24 36 17 59 59 65 5 54 15 88 89 74 87 74 9 74 52 90 16
64 90 4 49 37 32 85 86 64 60 81 26 83 5 18 62 60 8 24 41 2 85 28 24 10 31 46 45 40 71
57 62 17 89 84 57 26 1 1 33 37 42 28 96 81 69 32 9 7 71 30 6 18 53 5 21 66 25 67 50
70 19 95 82 9 52 35 21 42 40 25 53 69 100 79 36 21 35 62 97 4 58 2 28 89 68 43 99 70 32
17 51 68 13 50 56 86 93 11 61 98 30 92 68 44 27 68 5 26 35 26 3 52 50 4 42 57 58 84 13
4 61 9 17 56 18 2 11 92 46 89 95 11 79 53 12 49 52 49 30 73 100 83 22 41 85 63 30 80 50
91 68 80 35 9 58 99 97 18 9 44 14 77 8 91 40 43 44 35 21 97 90 19 60 13 100 25 25 69 75
83 32 64 2 98 68 94 83 41 90 22 18 88 55 33 36 67 73 8 44 85 2 84 19 74 11 95 87 66 38
42 44 52 91 8 39 15 87 53 56 6 93 59 21 46 39 82 71 23 1 96 61 8 23 9 57 23 87 94 97
17 3 25 84 29 17 85 27 63 2 63 18 87 21 5 82 39 38 97 21 75 86 94 4 57 98 25 97 93 18
93 37 30 9 93 13 53 91 21 52 57 55 91 14 34 70 45 99 83 87 25 70 94 58 49 91 63 56 80 96
52 47 1 29 85 78 66 9 19 3 11 9 34 55 82 88 53 55 77 92 68 74 39 22 27 11 57 55 92 78
99 49 96 64 76 85 34 57 55 28 98 32 7 58 87 45 6 46 57 91 60 71 74 66 41 2 40 87 91 45
12 53 62 92 93 41 78 79 85 62 86 62 96 16 86 7 99 90 58 27 28 89 70 86 70 48 59 22 20 66
66 18 98 8 81 24 32 32 92 66 12 9 31 28 18 72 56 73 72 45 86 92 8 48 45 1 24 46 96 71
40 84 13 4 48 100 4 27 87 68 54 45 53 81 7 1 79 14 42 67 21 78 1 56 97 52 65 76 42 84
22 11 87 12 5 32 60 91 69 6 26 86 41 74 77 85 72 83 4 80 71 50 76 98 7 6 55 14 90 71
86 8 87 15 10 16 22 65 53 45 55 78 99 9 12 92 4 70 80 51 83 24 30 53 27 21 100 17 37 50
15 21 58 8 56 45 43 94 28 89 47 52 21 54 25 53 4 18 82 59 91 36 36 77 82 74 42 69 7 34
65 65 38 37 14 78 45 29 46 72 55 62 55 24 65 19 62 1 79 84 20 100 42 64 17 1 73 82 55 63
51 35 20 53 52 29 44 67 26 66 43 56 61 93 68 71 92 8 58 34 46 17 68 56 12 30 72 71 93 75
77 45 69 84 6 6 99 78 45 70 10 35 72 50 16 90 70 60 53 88 73 50 81 83 27 75 34 94 83 33
43 71 82 81 4 4 86 12 23 88 11 36 37 10 29 88 12 53 54 22 53 48 37 100 16 80 25 57 32 46
62 13 86 80 8 68 89 12 69 84 90 8 86 13 49 57 90 49 4 83 33 20 28 32 25 98 10 28 70 37
95 15 27 31 22 91 75 42 94 61 35 33 89 31 63 9 19 89 23 98 68 72 75 95 63 80 79 3 3 27
24 87 50 41 74 11 82 80 17 41 48 96 100 69 50 78 10 55 86 93 94 2 22 92 94 70 67 33 59 78
85 35 45 24 7 36 81 76 88 74 63 21 33 41 3 11 30 85 41 23 48 87 77 34 49 2 70 2 35 1
12 61 9 14 71 88 50 89 80 9 25 2 43 90 98 69 44 95 33 93 65 96 64 22 87 3 78 48 16 51
14 77 9 97 76 24 79 52 23 7 24 83 36 87 2 51 60 57 56 27 1 19 37 70 59 69 83 100 75 27
74 13 87 93 3 18 43 30 40 79 6 81 42 43 70 65 97 72 88 60 92 93 19 76 56 14 80 58 7 13
99 57 12 95 75 68 71 71 14 22 79 23 37 60 95 31 33 28 81 87 12 36 10 90 86 66 63 53 17 79
38 51 42 30 1 61 83 70 64 30 1 52 30 87 59 100 56 47 79 75 19 32 93 53 37 7 72 40 89 40
94 29 83 20 9 33 96 48 71 61 60 54 48 52 11 67 75 95 36 100 58 63 45 56 14 93 98 45 94 3
73 49 14 17 9 55 51 73 4 86 8 51 15 73 3 65 76 94 72 36 37 17 47 89 16 63 57 59 60 41
13 93 40 14 76 92 91 43 33 21 53 5 81 38 93 9 59 58 42 52 79 64 84 71 78 94 97 68 22 70
62 87 98 44 60 18 76 33 7 44 70 64 55 73 54 29 42 75 42 90 50 43 18 81 69 96 62 59 8 9
56 9 24 11 20 50 60 45 46 38 33 90 21 45 15 85 61 85 12 33 9 89 29 13 75 70 72 1 39 87
55 90 15 36 45 83 37 26 28 72 76 20 91 99 96 67 29 91 88 94 14 79 7 100 89 82 59 90 46 73
14 73 49 80 13 25 63 99 50 5 54 7 57 53 67 9 99 13 22 4 97 28 91 85 94 20 76 25 46 32
100 70 96 57 56 74 72 73 13 79 30 55 55 20 58 42 32 43 16 60 25 15 53 44 1 39 23 63 42 26
66 48 32 75 36 98 8 76 30 66 97 58 46 22 47 1 33 32 28 74 28 23 62 55 58 97 13 45 44 68
68 89 2 23 98 27 79 69 48 33 79 89 52 53 95 52 18 88 35 31 81 98 68 49 48 17 64 77 74 41
52 26 66 87 57 4 51 95 19 31 18 45 3 89 7 35 49 57 45 97 37 6 35 8 32 41 22 55 77 94
11 24 59 38 6 82 85 11 38 49 91 85 93 10 22 74 69 99 59 63 67 27 85 14 47 92 89 100 9 48
31 30 81 35 21 40 5 99 62 30 47 38 14 14 9 27 33 28 2 44 73 30 80 76 22 10 74 47 1 34
59 99 32 27 16 26 23 92 44 21 51 82 81 100 4 80 67 42 24 25 89 39 4 30 6 26 38 25 58 50
10 48 72 92 44 42 54 45 2 19 15 6 55 85 43 32 89 12 97 75 94 48 11 69 19 67 58 74 32 83
68 29 81 18 42 92 8 71 34 12 10 76 43 83 18 14 90 67 88 44 43 89 55 98 14 1 38 36 81 82
4 80 56 10 12 57 75 35 59 25 50 77 9 82 47 19 54 14 13 9 13 31 59 12 53 22 8 10 24 64
90 82 22 21 96 48 44 28 84 79 18 71 64 94 43 25 13 85 43 50 13 35 32 14 89 72 69 46 64 12
91 51 9 82 92 12 6 48 62 70 51 25 37 37 37 2 49 24 14 47 87 84 95 7 77 6 45 54 32 21
79 71 25 47 79 15 40 85 61 37 70 19 94 92 11 57 80 62 68 15 95 77 24 4 26 20 70 32 82 49
8 29 93 28 50 93 57 1 29 88 27 21 31 91 24 38 79 56 28 29 32 75 33 57 40 98 16 23 38 68
94 60 7 10 59 56 37 88 21 35 50 90 100 54 50 38 17 51 38 22 21 29 66 71 46 13 22 44 85 74
98 2 1 64 79 93 28 66 35 72 70 90 15 66 89 84 46 5 35 36 66 2 74 77 22 2 35 85 4 98
70 2 58 26 96 41 22 74 23 76 70 97 89 48 6 17 81 96 55 16 28 74 76 20 46 9 26 43 76 92
72 93 5 69 38 50 59 88 83 20 56 2 75 29 36 75 10 91 67 91 84 23 4 47 9 51 71 90 8 82
75 67 80 51 71 48 10 83 91 70 32 66 68 15 97 93 38 80 57 88 40 100 75 86 94 63 22 95 88 85
