10 10 30 3
7 5 5
16 14 17
18 5 18
20 12 13
18 18 19
15 6 19
15 16 7
5 19 13
5 18 8
13 12 6
9 15 7
12 16 11
18 11 11
20 18 19
5 6 19
13 10 14
13 19 19
14 11 9
13 13 18
10 20 14
19 19 14
19 7 16
18 12 11
20 13 20
7 16 6
13 18 6
19 9 19
17 13 12
12 8 8
17 10 18
84 207 297 197
84 73 299 144
84 227 209 458
84 83 332 127
83 206 186 435
5 356 364 219
76 185 383 297
40 383 280 368
43 220 173 377
10 364 170 336
67 42 28 77 77 58 12 44 17 100
15 62 55 71 70 53 9 60 38 89
51 91 100 5 98 30 43 85 95 63
47 35 61 53 80 21 43 15 74 88
1 71 53 13 36 23 66 65 42 59
20 41 85 94 53 79 18 45 75 33
6 91 56 6 68 19 15 77 41 86
13 33 60 42 11 17 58 53 50 31
94 57 38 73 100 43 87 9 38 100
32 85 21 88 51 6 19 24 64 23
22 77 26 4 71 51 55 46 5 72
93 57 48 65 5 4 94 87 98 46
28 26 83 61 92 90 11 76 4 68
18 87 60 32 14 22 41 66 77 60
9 64 19 54 59 84 70 74 97 49
39 75 68 16 63 4 63 27 57 45
10 28 68 67 43 32 6 63 33 19
78 5 10 81 74 37 89 80 98 56
23 46 18 3 86 81 63 72 76 59
5 77 12 57 41 6 75 70 74 5
100 95 13 47 47 82 29 96 46 52
95 86 4 5 25 13 77 28 41 53
32 45 91 96 39 49 82 35 70 33
89 96 45 35 37 47 78 1 72 68
30 85 12 22 20 97 30 75 92 13
76 57 14 98 10 36 99 39 32 12
89 34 55 9 71 71 19 25 91 65
58 54 61 81 30 57 39 58 72 77
83 97 15 11 61 53 10 39 84 24
32 44 38 58 56 81 33 95 70 25
84 229 303 453
84 174 384 161
84 221 102 333
84 321 362 155
83 327 168 113
9 192 119 159
67 183 394 228
38 258 81 352
22 193 394 446
3 326 226 371
82 80 30 5 45 26 53 19 9 25 77 84 88 26 96 3 66 94 76 34 44 74 17 19 28 64 14 91 54 84
79 47 35 92 34 55 66 92 23 49 33 84 51 86 74 33 46 67 43 36 3 63 45 97 82 86 30 59 79 5
20 72 23 71 14 81 98 21 67 64 82 43 45 1 69 81 33 1 36 21 48 99 15 56 32 82 99 61 79 4
48 5 30 1 83 13 26 4 65 31 86 78 30 30 78 96 76 98 91 37 28 24 29 68 98 59 88 31 73 26
74 14 23 41 15 14 72 28 47 92 73 59 73 46 50 83 37 53 58 49 54 48 69 15 43 71 25 27 56 45
29 39 31 46 96 5 17 24 71 33 6 34 51 99 67 38 9 4 33 78 71 68 97 43 66 23 43 100 53 66
78 33 80 32 3 21 19 83 67 4 41 5 22 23 42 69 55 100 9 48 24 86 2 13 53 66 11 72 53 31
32 8 30 65 44 73 40 28 20 51 72 60 16 46 78 72 44 45 86 64 69 31 97 38 91 5 51 69 76 40
11 91 65 14 44 19 69 8 18 2 10 41 19 18 20 19 36 68 20 29 61 75 86 48 81 35 6 32 98 80
1 67 87 33 41 85 94 2 1 92 65 1 23 57 60 87 6 6 55 73 41 7 20 20 52 70 65 74 42 52
98 92 80 59 66 26 27 92 100 91 17 33 58 7 44 11 25 20 99 14 38 99 4 72 28 87 25 12 11 96
51 2 82 7 17 19 23 41 64 46 77 32 74 93 18 73 88 62 53 96 85 83 81 29 67 90 26 47 20 15
48 54 88 79 33 26 44 9 2 94 64 56 85 31 41 100 82 52 27 36 42 41 63 31 9 17 9 28 35 4
63 60 73 50 58 92 50 39 8 68 15 80 83 5 26 26 29 2 60 64 30 73 87 69 76 35 52 22 31 12
16 18 15 17 94 76 7 40 61 27 59 73 63 92 4 84 13 34 38 57 72 35 63 9 80 4 1 35 33 38
41 97 87 80 4 97 80 30 54 32 97 61 17 36 17 77 73 84 54 85 58 47 72 42 61 89 5 6 38 6
68 83 94 68 52 100 85 27 75 50 59 53 87 75 43 52 18 41 40 56 41 74 42 33 83 59 55 32 43 29
50 98 6 20 56 68 82 83 57 54 93 50 6 62 19 56 44 24 18 5 47 76 63 27 29 26 91 8 24 56
38 92 19 2 38 40 65 40 4 14 47 3 86 96 95 4 82 55 56 53 6 76 100 80 64 92 69 64 64 48
85 71 27 13 87 53 72 37 37 24 5 23 15 70 51 83 70 68 40 17 69 56 59 23 17 70 100 4 28 84
68 98 49 93 95 2 51 58 56 100 37 91 43 17 41 77 76 73 31 71 89 93 2 92 1 32 91 60 50 75
53 26 34 35 6 20 17 44 32 1 86 81 37 89 17 49 50 91 93 17 98 24 32 47 95 99 33 66 30 80
41 13 70 4 68 2 15 22 25 17 16 89 84 97 40 22 92 58 8 20 9 93 40 28 65 72 2 45 68 16
30 47 60 85 38 81 100 77 41 74 44 100 34 19 16 96 76 36 72 74 97 48 69 83 90 2 92 97 44 61
2 80 24 52 64 25 62 86 80 55 92 52 4 94 6 49 56 90 24 74 62 3 75 91 35 92 99 52 31 51
33 29 81 12 78 62 54 57 13 90 49 34 20 83 92 69 79 23 30 86 94 58 46 91 50 87 79 19 68 6
46 58 16 43 64 55 75 47 28 16 82 99 61 14 13 50 51 11 29 53 33 51 94 74 96 41 38 100 2 68
42 82 88 73 29 93 48 41 93 15 69 4 97 26 47 19 40 20 79 45 74 51 54 71 3 9 91 71 74 69
72 28 16 21 80 26 95 23 71 5 66 1 65 56 69 85 97 19 57 100 51 42 100 93 78 83 63 67 36 39
37 15 78 75 69 22 7 40 6 21 90 92 79 5 88 22 83 5 46 38 27 10 92 85 22 42 39 55 14 35
