15 15 30 3
13 14 5
19 9 17
17 20 9
15 10 16
5 13 13
18 14 10
20 5 18
6 7 16
16 8 15
11 19 16
7 10 6
10 8 12
12 15 10
5 11 20
9 18 14
13 20 7
20 8 7
18 6 7
7 17 5
5 5 5
14 5 5
18 6 9
19 6 15
17 8 11
10 12 17
5 5 8
20 6 10
14 14 18
5 10 12
19 5 9
78 274 292 343
77 104 293 363
77 135 246 329
77 155 151 320
77 279 208 459
12 252 271 473
20 236 254 290
35 303 137 217
10 265 289 338
65 83 94 388
57 292 205 479
73 192 100 397
2 232 187 226
56 136 166 331
53 230 93 494
9 82 75 98 70 85 56 38 14 29 10 11 41 15 26
88 3 58 47 22 56 95 88 71 92 31 62 9 9 86
27 38 47 54 15 35 72 37 41 54 12 85 82 6 46
52 42 41 74 15 24 26 55 39 18 13 69 21 44 49
30 28 59 77 94 89 20 29 15 76 4 39 60 40 87
59 24 18 17 69 27 54 68 3 31 68 39 90 82 77
42 89 75 8 28 94 97 43 92 45 52 29 83 58 100
43 46 87 72 70 18 22 68 18 48 68 65 91 84 8
30 30 58 33 62 31 15 80 13 45 5 1 16 97 45
19 47 93 57 13 5 10 52 100 84 86 58 6 28 83
97 35 69 49 58 95 53 55 77 82 85 75 99 28 2
23 33 17 66 11 77 77 2 7 58 50 75 36 11 73
61 17 71 31 5 72 28 71 59 97 90 86 52 40 69
58 39 74 40 6 88 69 10 84 52 71 59 62 17 8
81 64 75 37 66 90 78 97 43 70 37 8 54 45 2
47 89 28 52 91 59 94 31 87 40 44 82 62 57 83
66 92 48 60 100 48 67 3 9 81 80 41 21 38 51
24 8 75 36 11 2 48 59 32 9 26 6 99 68 21
30 88 24 3 56 69 60 65 27 4 1 80 38 2 56
63 74 27 30 57 60 83 11 36 67 96 6 22 14 89
82 81 44 55 79 7 64 45 16 23 40 55 23 48 11
85 50 17 40 45 13 96 39 95 97 34 43 74 4 34
24 81 85 47 40 27 31 5 82 90 4 84 80 61 85
43 88 89 34 50 77 78 67 96 45 17 56 1 52 87
2 71 90 63 87 98 92 86 26 28 98 77 65 11 46
32 14 62 74 44 85 9 21 47 68 14 45 26 1 10
80 10 65 95 3 55 61 30 60 35 82 11 28 69 83
79 1 59 31 5 54 34 85 38 36 55 3 78 26 18
72 56 15 75 38 12 86 78 52 50 84 3 3 20 70
20 40 96 80 52 14 93 45 28 11 74 43 25 76 6
4 78 71 39 20 40 33 1 18 47 65 76 60 1 17
17 69 16 29 34 49 47 21 42 32 95 84 1 10 50
51 96 15 71 69 75 68 30 87 81 53 74 29 73 62
32 21 73 67 35 76 93 90 59 60 40 17 97 26 11
36 40 91 20 97 79 28 12 21 31 78 11 62 75 25
70 35 38 85 57 43 14 99 92 15 4 82 69 84 73
31 94 20 22 12 73 52 70 17 8 70 50 74 63 91
38 10 9 42 9 3 5 64 26 56 20 5 51 11 32
92 43 67 17 40 29 34 30 70 18 79 8 25 11 33
36 41 30 46 28 99 62 44 33 93 8 70 2 39 89
94 54 1 22 92 68 44 95 3 34 58 25 12 21 74
98 58 89 83 74 14 83 5 90 8 34 30 7 23 58
94 32 25 93 99 9 11 16 97 20 25 73 98 64 46
31 77 14 92 55 95 98 19 52 30 23 34 24 38 29
28 5 82 2 6 27 16 6 44 33 36 35 24 44 76
78 77 128 127
77 109 57 478
77 301 289 113
77 165 284 469
77 193 141 479
71 162 309 423
57 154 93 415
29 176 215 238
17 220 313 285
72 69 328 439
49 182 121 199
25 103 213 129
22 137 291 163
19 226 76 388
58 292 253 155
62 84 1 69 76 91 99 8 48 64 3 87 10 60 49 94 87 31 67 20 92 10 25 9 64 60 28 86 39 2
49 36 31 72 18 4 21 96 38 2 63 97 16 80 47 10 77 2 25 7 23 77 10 33 11 7 44 4 19 70
12 42 67 97 100 37 26 62 78 3 69 11 76 27 17 30 20 43 64 6 91 13 14 72 31 43 72 91 18 5
13 55 65 11 18 86 93 48 83 52 4 58 68 13 87 9 30 47 26 52 3 6 27 22 96 40 68 40 47 62
14 26 7 80 47 57 69 50 51 18 23 29 9 64 67 71 66 86 48 30 2 18 87 94 93 28 73 80 1 3
10 47 60 74 62 8 75 23 35 57 9 31 93 30 88 37 8 93 8 79 4 19 11 15 52 97 21 41 39 65
91 72 93 83 46 85 12 94 7 1 61 58 80 55 67 25 37 26 92 57 84 74 38 28 72 64 41 6 88 25
54 32 6 91 79 15 45 10 80 45 22 48 42 76 4 12 54 39 48 24 76 2 86 2 20 66 78 65 50 82
76 32 78 32 19 57 62 41 31 86 18 85 59 17 43 42 40 29 97 55 56 45 45 48 12 37 74 1 54 97
56 41 85 33 81 49 33 81 22 83 79 63 55 48 18 25 49 77 52 77 79 48 22 56 59 31 81 70 2 8
98 58 24 91 26 53 12 40 7 84 78 43 100 30 19 7 91 28 44 94 93 16 99 22 43 56 4 88 41 32
33 29 50 43 33 96 92 88 76 37 91 42 36 78 84 49 3 81 71 9 68 26 71 66 26 33 30 53 57 44
51 70 77 7 70 40 67 92 86 64 46 46 96 86 66 83 14 10 97 97 68 58 36 24 50 7 41 33 69 26
54 38 97 17 13 89 2 61 54 12 86 74 6 60 91 52 28 46 51 29 66 57 67 77 66 15 14 9 48 74
44 62 21 77 19 80 42 30 51 76 9 55 80 81 56 83 8 38 30 32 72 61 81 68 84 60 14 48 75 31
7 32 79 45 72 54 56 78 85 54 36 62 89 47 91 35 7 85 44 91 81 32 18 39 90 33 44 61 49 86
82 41 91 86 31 23 7 98 42 86 88 5 72 7 73 35 28 42 83 53 74 32 63 17 94 17 87 53 21 38
91 97 49 66 81 9 55 37 33 40 69 81 3 96 27 77 48 4 47 19 82 76 27 54 42 57 4 45 74 64
55 52 83 30 95 73 29 9 53 19 13 97 88 76 94 28 79 55 71 38 31 9 22 91 16 89 49 1 97 63
82 77 60 45 75 59 40 29 7 42 18 64 31 8 75 15 92 6 46 22 49 30 89 30 45 87 15 13 65 32
82 97 70 73 26 28 84 100 20 9 9 62 72 63 67 74 91 81 28 30 81 11 10 21 88 78 51 47 46 3
99 52 62 2 46 30 83 17 95 33 52 71 17 35 50 51 16 62 97 81 71 19 86 70 38 96 96 12 64 83
21 7 38 72 9 66 29 94 3 63 28 26 73 28 91 59 81 3 43 10 8 64 4 36 96 57 31 28 13 31
19 84 72 35 79 29 14 66 36 2 1 98 29 97 85 88 92 21 94 28 71 88 85 30 79 34 72 65 31 21
61 56 5 15 35 62 19 6 30 2 27 77 25 58 46 64 79 72 77 17 84 33 92 2 19 78 66 90 44 79
91 67 41 58 84 11 5 32 77 28 77 96 84 88 79 33 82 96 86 76 56 68 59 97 86 44 25 93 28 52
88 19 29 42 100 28 71 36 93 96 50 44 87 91 97 6 57 61 61 50 51 40 47 19 71 49 79 56 81 71
55 10 5 41 34 55 64 54 40 78 4 85 39 91 93 45 39 89 39 33 33 81 72 56 32 3 33 5 95 75
4 55 24 95 29 11 23 5 29 40 27 3 7 73 6 3 4 46 47 79 22 84 98 45 74 2 100 23 36 83
53 94 96 1 25 24 42 73 41 38 13 84 10 55 69 82 31 53 14 58 19 77 12 89 6 22 1 83 75 76
4 95 79 44 12 83 62 16 82 49 85 85 17 36 2 79 23 25 80 57 68 88 57 94 13 19 96 36 70 44
96 16 89 65 62 5 57 95 34 41 96 90 54 71 55 85 27 31 4 44 29 36 91 36 30 8 88 85 46 56
48 90 97 55 62 88 37 76 58 89 18 6 35 6 39 91 11 34 35 47 23 83 56 17 83 87 28 32 8 42
50 18 30 36 86 11 37 72 70 89 57 5 27 55 59 97 31 77 2 67 85 17 11 100 18 48 92 79 11 6
11 12 99 89 14 89 81 92 35 20 89 37 66 83 51 33 11 53 22 61 89 56 67 82 49 78 38 79 96 90
94 85 65 10 69 98 99 31 56 37 99 72 74 66 55 3 18 76 20 4 83 99 6 77 84 30 14 100 38 37
57 75 29 6 46 77 99 6 78 36 69 40 75 68 69 17 74 72 17 70 85 15 84 55 82 13 64 53 52 36
75 13 11 65 79 4 35 39 45 60 50 89 72 11 49 63 19 44 84 46 95 24 15 98 65 27 78 61 83 93
49 100 65 99 54 74 26 75 45 21 59 48 95 52 93 49 76 100 83 36 59 9 63 13 73 22 11 18 66 89
32 23 2 83 22 12 73 4 59 26 51 37 72 3 26 47 42 68 31 26 35 69 54 19 46 48 17 6 39 98
79 76 15 2 29 39 19 24 28 70 18 63 83 16 86 67 87 72 22 95 100 49 3 20 26 23 27 30 70 6
25 49 75 95 43 53 6 21 12 32 22 85 78 67 81 24 8 82 82 14 65 96 64 77 69 97 37 54 28 67
12 62 23 34 9 29 96 40 58 46 83 84 12 78 55 44 72 21 1 50 17 3 8 56 65 68 82 61 91 86
85 49 4 81 68 85 56 63 86 47 45 72 31 52 44 33 59 80 79 88 91 76 68 94 56 22 72 52 80 24
84 67 61 84 14 66 44 42 3 5 34 92 37 29 87 81 42 96 51 55 7 27 95 59 58 10 10 31 19 36
