20 20 30 3
8 7 10
19 20 10
11 14 12
20 17 18
12 20 17
6 12 5
12 7 13
7 11 8
13 5 5
20 14 16
19 6 5
15 19 5
19 17 8
20 17 18
5 16 5
16 8 18
11 17 15
20 18 7
14 11 7
8 9 20
17 10 5
10 20 7
5 5 7
5 15 19
16 18 9
9 6 17
19 13 7
17 11 7
11 19 10
13 18 12
80 186 54 467
79 309 301 349
79 129 136 161
79 205 104 212
79 140 121 485
57 341 307 218
43 76 72 103
30 367 248 209
40 400 211 202
12 290 149 110
4 389 89 231
46 240 268 129
35 265 146 334
58 342 198 152
33 71 243 307
58 298 92 270
29 275 227 467
22 387 322 354
69 224 294 106
72 260 166 313
72 29 25 13 19 54 85 16 9 36 68 50 42 37 6 85 63 99 66 19
3 67 59 89 50 16 63 77 86 69 82 74 60 44 81 23 30 77 14 16
15 57 11 3 42 89 83 22 75 26 47 80 100 39 75 45 62 14 69 14
62 35 16 50 31 50 26 17 12 32 40 87 10 14 23 59 72 85 71 51
78 21 5 93 46 14 54 24 32 61 50 23 72 23 78 54 20 24 45 46
65 59 89 76 87 35 80 76 93 43 44 8 68 4 29 90 67 27 65 2
4 74 36 91 11 47 62 8 7 92 85 84 20 89 65 38 25 33 63 98
38 41 96 11 47 73 89 7 25 100 32 93 53 68 99 98 17 40 6 89
49 41 52 44 76 45 67 89 39 20 99 89 38 62 62 61 52 94 93 3
93 31 94 3 49 49 89 53 46 28 82 65 15 11 28 64 67 47 46 95
50 59 47 67 50 22 10 76 8 43 46 90 72 16 80 69 83 85 47 40
84 39 62 79 87 94 67 65 38 40 96 54 1 51 41 48 50 47 17 28
36 3 48 96 98 39 56 100 59 98 54 70 80 90 98 57 94 81 5 25
2 75 76 29 74 42 95 75 60 34 98 77 90 76 28 18 55 16 99 46
5 65 75 25 15 70 53 59 96 2 82 75 41 25 28 82 18 34 13 3
7 16 92 57 53 79 87 10 84 68 1 60 8 27 66 23 66 27 2 30
38 56 25 96 64 85 55 54 52 15 38 39 61 67 8 83 7 43 9 4
93 98 2 90 21 90 53 94 21 18 79 49 78 92 74 85 39 87 93 6
43 68 51 48 33 98 29 11 98 66 86 66 37 100 42 69 43 92 62 29
19 26 25 38 66 86 90 44 95 1 58 29 82 69 17 25 43 40 28 67
35 31 85 100 7 25 92 84 17 23 71 90 33 14 98 2 48 73 10 89
78 93 43 69 60 43 96 13 61 90 96 7 12 13 13 30 88 20 95 77
77 61 94 30 50 81 52 1 3 61 8 98 7 10 16 23 8 84 15 41
81 46 83 41 74 45 50 81 65 74 71 60 13 95 34 11 73 76 66 95
59 25 70 58 62 48 54 25 94 18 85 27 20 9 99 5 16 100 28 7
54 24 61 78 84 55 9 91 44 6 78 20 50 98 16 59 92 2 94 58
59 30 52 59 23 91 88 45 35 30 32 49 95 40 64 21 25 29 20 45
73 80 38 78 17 88 56 26 54 7 42 41 6 24 16 19 63 7 7 55
40 18 68 8 53 65 72 14 37 81 65 65 96 53 3 71 96 29 28 31
15 95 20 27 90 28 7 47 11 65 91 30 16 27 34 48 33 32 64 100
50 20 45 67 29 95 36 18 59 51 23 87 21 97 92 44 5 59 81 87
85 74 37 24 85 16 94 30 51 96 57 84 35 4 44 57 62 3 39 49
6 100 98 65 51 67 43 30 69 33 10 43 87 79 35 54 51 56 50 49
86 44 84 81 77 58 33 59 59 94 31 51 80 7 17 19 41 14 22 71
10 96 84 1 34 23 56 20 22 62 18 13 62 53 91 63 68 68 74 77
9 93 40 28 46 82 96 93 32 65 86 98 39 92 95 87 72 77 45 7
5 90 30 30 29 79 78 34 17 10 5 16 71 54 69 21 78 100 94 9
9 75 84 18 46 23 59 54 14 71 78 23 63 70 39 33 60 65 62 8
88 55 97 58 74 36 15 80 76 19 81 81 4 69 31 96 12 51 42 74
6 95 12 69 7 21 100 44 36 95 78 97 87 12 34 52 76 38 48 82
31 18 4 65 26 64 80 57 90 59 73 31 19 70 44 64 49 7 15 76
16 73 6 2 80 99 52 46 61 62 38 4 73 87 78 77 99 28 70 20
60 60 35 2 57 79 82 31 74 46 24 61 73 71 72 65 51 64 40 22
74 29 43 75 4 15 49 4 52 79 36 77 68 100 99 13 73 78 10 72
23 29 49 67 45 13 1 24 14 74 94 10 47 89 48 45 87 62 40 35
58 50 78 44 64 46 15 36 7 60 62 71 39 60 41 43 56 43 50 27
25 65 81 26 54 44 26 64 72 46 63 38 26 82 38 90 86 57 39 61
67 19 40 82 69 48 74 56 20 49 89 64 85 13 88 55 16 27 74 28
42 21 67 70 27 40 45 52 31 11 31 20 100 46 67 41 34 8 75 69
5 7 64 62 32 70 80 95 16 87 27 54 54 13 41 3 24 4 87 63
86 73 19 47 99 30 3 26 24 23 46 59 22 73 81 42 68 39 20 24
22 86 59 14 96 100 3 40 93 27 17 87 40 31 9 44 5 82 23 90
19 76 22 10 3 81 24 4 45 63 79 88 97 80 15 59 82 71 58 6
73 8 60 80 63 90 16 80 56 79 50 43 71 14 30 100 86 54 95 69
96 64 94 27 85 44 84 42 53 61 52 76 58 12 83 11 77 41 25 94
27 64 85 6 27 5 47 98 43 38 82 30 13 47 76 78 52 73 11 11
65 39 66 70 55 20 47 57 91 8 33 84 52 13 72 95 20 56 53 5
53 85 89 91 5 35 88 18 12 13 2 23 94 41 57 24 3 88 31 27
20 73 28 43 63 81 96 82 31 41 84 18 99 50 38 61 78 56 33 61
62 13 2 81 80 44 48 26 26 95 52 61 76 42 10 70 95 64 9 47
80 68 190 351
79 143 277 173
79 96 136 321
79 272 206 219
79 278 113 121
30 310 211 490
8 231 79 353
2 263 149 279
28 379 136 158
74 337 281 165
44 379 320 213
32 284 273 443
54 264 309 446
16 156 314 144
59 121 177 345
12 379 208 452
14 312 309 500
4 293 176 455
36 309 86 433
73 100 272 251
66 18 89 22 66 35 2 55 37 36 33 94 14 84 81 75 94 19 33 31 19 83 56 8 94 3 36 56 36 67
32 13 95 19 39 29 38 1 80 30 56 96 26 49 41 49 99 48 54 22 82 84 91 47 100 96 68 87 83 4
30 20 92 11 1 62 53 44 11 6 27 3 34 54 8 81 59 46 37 16 75 48 51 35 5 59 18 14 85 1
17 18 7 56 43 18 62 77 66 79 20 64 99 21 26 19 17 11 86 92 61 72 55 48 26 20 11 16 20 95
91 86 17 72 78 36 20 5 94 40 34 3 67 79 82 30 74 32 52 16 43 2 7 65 9 32 12 27 77 76
29 11 10 24 79 7 66 10 58 33 86 85 49 75 42 23 20 36 17 17 78 15 52 87 38 56 100 54 48 17
99 27 37 79 22 87 56 15 7 56 14 55 80 77 20 87 78 24 26 59 97 29 1 29 29 77 19 65 84 61
4 62 10 16 61 45 81 85 52 32 35 88 86 20 38 6 4 71 46 36 14 8 36 45 90 94 17 41 47 40
81 25 94 22 47 10 22 91 50 37 25 67 24 35 46 75 95 100 50 44 98 13 64 64 14 23 68 16 50 15
12 92 59 60 61 87 26 8 34 44 52 98 76 21 46 74 82 69 89 75 1 79 41 45 5 34 23 51 2 66
47 18 94 31 80 54 29 54 63 57 35 43 89 41 55 74 89 10 33 25 64 64 29 62 86 13 6 39 77 88
59 65 17 100 34 82 69 47 19 52 93 91 25 96 24 48 50 74 72 25 6 80 16 94 70 52 58 57 72 75
9 85 13 94 80 25 60 52 88 77 94 15 3 69 23 10 27 69 15 38 84 76 27 48 57 17 19 21 88 1
75 65 61 59 3 72 77 15 19 98 4 55 60 61 27 41 11 82 99 38 30 55 32 27 46 69 45 11 94 100
44 91 17 11 60 23 89 46 33 21 86 87 63 43 50 35 92 92 1 17 39 27 48 8 1 77 28 15 87 90
98 23 37 49 47 2 67 17 83 23 37 69 96 83 90 13 6 42 88 57 61 46 53 9 17 57 30 49 68 7
41 19 57 100 61 3 68 41 83 85 63 17 47 24 42 41 59 51 46 86 49 6 31 33 95 40 66 13 89 48
67 19 70 15 39 42 78 60 75 7 72 39 22 5 78 50 70 63 30 7 75 29 33 55 77 69 88 89 64 7
28 88 87 13 81 68 61 2 25 11 93 82 56 88 76 21 25 57 3 49 96 48 3 54 10 96 77 92 18 70
3 76 15 15 27 7 33 17 90 24 99 42 88 58 46 76 36 76 21 94 3 42 68 94 72 63 79 55 36 74
4 91 10 62 85 75 16 84 60 2 32 89 80 2 17 53 41 56 61 78 98 58 43 17 12 42 70 12 26 63
79 19 88 27 10 83 91 86 27 23 39 97 20 100 65 22 61 69 93 44 25 56 56 17 36 10 60 88 22 58
73 74 53 10 73 16 15 96 11 89 20 79 56 96 60 25 35 60 47 36 55 45 99 70 93 77 79 14 89 46
84 87 96 30 70 42 62 22 23 50 77 90 63 26 25 88 9 95 48 41 38 40 10 30 37 65 68 25 15 83
31 46 98 57 66 40 71 4 95 25 13 8 88 65 33 2 28 36 39 40 81 97 47 43 39 11 80 42 35 34
72 79 17 21 93 57 42 18 10 61 70 21 86 29 97 35 99 26 70 14 77 41 76 74 51 15 41 65 11 14
65 39 84 93 35 28 19 4 19 57 5 69 14 52 42 52 14 30 37 10 50 39 75 68 73 24 21 37 36 18
16 61 34 74 42 49 100 55 11 16 38 23 21 27 92 72 85 2 3 59 92 29 59 94 15 76 61 72 72 55
35 63 15 75 11 21 14 52 59 13 89 19 11 33 63 3 78 14 24 74 19 15 91 31 72 34 53 45 95 61
65 95 43 45 56 10 25 3 14 80 99 90 60 18 7 19 25 73 2 60 37 38 45 58 44 66 79 79 97 51
99 11 68 83 53 42 41 37 34 87 12 55 38 21 18 25 98 57 76 7 40 31 18 99 39 68 63 100 40 34
11 32 11 53 50 37 67 52 30 33 8 37 80 34 27 62 97 91 69 14 36 89 64 92 99 53 49 1 26 52
43 90 83 36 82 72 38 59 34 72 59 80 22 89 84 58 59 58 88 94 46 91 11 14 87 4 62 15 98 98
11 49 36 45 17 9 72 93 79 84 10 67 74 16 30 13 33 41 82 38 82 46 29 86 42 2 89 43 4 69
4 31 29 83 33 34 91 86 12 40 34 91 73 94 86 3 95 17 61 82 9 93 17 2 28 61 28 23 36 33
41 25 95 43 75 30 85 3 96 27 40 84 39 78 48 53 56 47 20 83 65 69 98 69 64 84 28 54 81 94
15 25 74 90 5 18 37 97 6 87 61 84 79 39 23 15 62 53 89 22 78 97 85 22 10 53 44 31 73 35
48 19 53 27 41 1 85 18 45 53 92 51 61 44 43 88 55 63 15 66 93 75 76 48 22 46 44 10 16 30
97 44 93 60 17 14 76 46 48 22 3 83 87 71 87 41 74 65 64 28 9 96 27 44 49 15 9 36 57 29
95 75 2 85 85 16 45 45 47 36 79 57 49 46 89 5 13 15 24 75 29 65 9 18 76 18 98 78 75 15
64 6 78 37 84 12 63 6 60 32 61 68 54 77 26 34 56 89 100 78 73 26 79 12 93 7 37 62 47 84
52 18 57 30 45 21 97 69 89 69 48 30 86 13 85 73 11 44 96 6 6 75 93 90 84 68 95 70 60 14
57 53 19 19 66 52 2 57 88 73 98 61 59 40 72 25 31 11 67 86 80 5 78 58 100 38 19 76 29 48
66 63 52 10 37 16 35 33 37 5 76 99 21 68 62 23 43 48 67 29 53 46 87 2 9 62 22 65 64 75
85 37 23 27 66 74 53 89 28 60 16 71 35 48 80 84 23 34 45 83 99 46 45 54 69 100 94 92 10 44
23 13 57 83 66 20 61 83 88 96 5 15 63 15 84 88 61 70 31 2 23 49 52 90 90 84 10 6 26 57
97 93 1 66 75 20 41 29 18 97 78 10 35 72 49 1 84 90 36 9 22 63 93 2 76 50 10 75 76 8
25 50 57 36 16 19 61 89 17 12 79 61 83 44 39 97 54 93 34 32 28 85 57 77 94 47 98 85 85 40
65 78 1 6 98 45 39 92 49 3 25 11 88 58 85 88 93 50 34 22 85 73 24 14 59 76 75 24 14 74
47 12 37 79 41 32 49 56 9 44 10 48 92 81 4 32 30 84 6 10 78 92 97 70 99 33 2 21 7 46
3 54 40 32 38 19 87 59 73 76 55 31 53 35 82 62 73 24 56 41 29 46 62 87 29 95 85 35 34 16
65 66 98 92 22 92 99 78 88 24 78 63 95 44 79 43 81 41 84 91 87 42 60 21 47 3 70 6 46 97
10 37 26 24 24 57 43 75 19 98 11 58 51 49 75 92 24 25 99 42 85 60 91 21 26 32 97 8 77 35
93 78 75 97 89 95 12 84 5 57 27 4 22 20 71 55 36 57 2 48 2 80 21 32 48 98 9 86 41 10
85 40 75 63 99 13 32 75 83 46 14 87 88 4 61 27 84 55 99 65 81 79 16 14 98 29 4 86 68 45
69 99 49 88 39 65 40 41 5 16 54 70 3 59 67 88 10 97 57 30 28 82 19 88 34 2 97 54 80 81
49 62 10 70 48 18 7 45 13 66 25 22 19 69 61 41 6 24 12 71 26 21 43 57 25 54 18 95 18 26
99 39 82 90 83 55 24 82 1 45 97 86 79 12 23 78 98 86 50 1 47 82 12 5 50 32 55 55 41 83
12 59 40 74 45 85 20 90 56 5 99 49 75 82 41 16 27 59 79 72 1 32 64 28 43 45 79 4 70 32
22 11 80 51 87 66 28 93 58 71 73 32 74 24 17 46 100 54 81 8 23 34 44 68 35 73 59 32 37 37
