20 20 30 3
18 8 11
6 6 12
20 16 7
9 6 19
18 8 13
20 20 6
19 12 14
15 10 11
13 15 10
14 11 8
19 19 19
5 20 11
15 14 9
16 19 10
12 12 19
6 9 17
9 6 8
18 19 5
17 11 16
7 6 5
14 17 17
19 12 6
5 15 19
20 20 18
19 12 15
13 5 10
19 9 8
14 17 12
13 9 7
13 9 6
424 287 272 361
393 318 216 196
170 275 190 462
208 362 293 111
281 342 240 184
258 326 333 256
410 282 302 302
25 264 206 126
395 342 344 192
389 299 263 317
28 186 237 385
101 339 197 430
283 312 189 491
98 252 297 160
304 303 300 270
120 268 320 311
133 299 245 483
176 255 257 484
407 312 190 202
348 234 186 317
62 84 93 88 7 85 17 54 78 74 91 74 21 80 19 58 53 41 72 36
74 18 60 81 54 92 6 64 17 78 43 87 61 40 72 13 11 39 86 81
57 10 69 48 20 48 12 57 5 26 3 75 4 12 68 31 16 51 29 30
13 59 14 10 53 10 93 8 99 56 2 91 47 86 92 87 17 80 91 83
33 34 76 91 29 76 19 53 63 98 100 69 58 44 65 53 74 31 98 3
42 23 80 62 12 65 77 4 81 92 57 23 51 66 39 57 91 21 87 78
8 95 64 54 94 36 96 32 40 56 80 4 94 87 83 89 79 91 40 59
64 72 58 32 95 53 33 28 46 83 25 32 44 21 91 1 4 61 74 80
49 91 94 20 54 34 89 20 60 99 72 82 43 6 79 49 19 35 95 76
4 85 76 28 50 25 73 24 55 52 25 13 78 5 20 19 64 55 56 35
87 12 61 93 60 3 78 96 12 90 87 60 78 96 89 52 85 5 21 28
18 65 75 66 5 68 91 29 11 50 97 14 88 33 98 43 71 53 52 22
75 19 67 17 3 98 50 27 13 55 30 36 22 81 57 10 73 61 12 1
4 75 22 29 13 48 98 58 45 51 15 5 7 5 58 80 46 27 93 41
37 51 48 27 45 56 44 6 80 64 30 49 79 91 68 91 42 30 59 74
99 52 48 7 92 98 28 93 51 49 63 54 1 92 68 72 67 60 70 39
46 55 82 65 63 82 69 42 40 20 4 31 82 26 30 41 54 21 91 44
84 87 69 59 72 85 86 48 18 67 35 26 61 95 2 51 30 82 11 29
66 63 83 74 14 74 3 47 12 91 7 37 72 46 21 58 83 10 58 57
56 13 33 3 41 15 8 53 73 24 37 96 34 75 42 70 43 65 50 87
58 43 52 97 58 26 46 4 96 53 92 95 27 55 36 54 26 81 39 2
20 53 78 33 49 85 89 83 54 83 57 60 81 97 63 29 42 4 11 64
40 87 73 95 85 88 5 79 50 84 62 93 21 61 13 84 70 17 2 8
58 18 81 74 61 48 80 41 53 58 96 1 15 97 52 67 21 96 44 76
8 21 2 33 24 10 34 60 70 7 77 15 13 72 97 97 57 91 19 88
72 35 61 70 67 95 65 83 100 85 30 82 25 33 33 44 57 34 57 17
57 87 47 54 90 20 49 37 100 7 1 20 14 9 12 59 42 86 8 26
61 68 15 75 87 54 84 38 80 60 38 97 72 60 36 64 51 37 57 4
13 16 19 32 88 83 47 38 90 19 9 43 18 51 20 89 26 66 70 17
24 2 81 95 64 53 93 85 43 20 14 98 47 24 32 9 67 10 79 9
19 27 46 37 32 24 77 69 55 43 28 40 85 3 66 45 79 35 100 70
36 24 32 37 16 39 52 30 25 41 26 63 95 48 88 78 5 17 56 79
27 11 80 7 87 90 12 21 18 11 68 68 28 93 95 69 49 75 29 54
20 40 55 40 58 70 56 52 17 95 67 70 12 57 17 14 11 92 66 53
81 69 33 53 50 15 2 49 20 51 10 12 55 79 78 6 77 29 58 61
81 20 86 97 64 58 57 81 20 33 94 38 79 18 7 81 9 55 81 12
54 48 12 18 42 27 88 75 26 96 100 38 36 74 38 85 42 57 46 86
98 86 8 23 74 37 35 58 25 40 41 35 19 93 2 83 26 63 9 57
100 97 43 23 21 26 37 84 29 26 92 100 5 79 12 52 62 83 49 91
82 81 96 74 85 91 34 5 68 91 23 89 58 83 22 25 13 22 42 32
55 57 57 55 30 39 26 6 27 11 23 67 97 59 98 10 26 16 100 48
97 83 23 93 65 22 75 27 72 60 65 74 18 4 93 34 7 72 72 14
94 88 100 50 71 80 92 86 66 3 27 97 15 89 4 56 96 10 23 82
6 22 60 71 93 37 30 36 61 28 98 64 85 8 91 99 34 2 47 35
68 48 13 77 28 65 93 60 35 59 65 17 23 9 58 34 42 22 63 79
37 51 18 58 33 22 62 60 32 44 89 67 88 19 35 89 99 22 6 69
85 19 51 91 60 38 13 84 12 45 11 18 97 94 63 39 84 18 11 49
64 15 93 9 31 74 71 29 52 32 25 96 45 83 41 18 94 15 89 22
13 67 53 41 58 9 7 80 28 78 7 23 99 25 47 88 4 87 91 15
72 66 66 20 72 83 31 35 90 12 97 26 99 71 61 57 42 52 36 5
49 55 40 25 5 76 88 28 87 73 56 96 59 80 17 5 51 1 9 18
93 18 38 87 80 31 43 99 51 19 5 38 97 91 33 97 79 63 48 32
18 12 42 32 32 18 36 27 34 19 50 18 78 13 94 25 48 78 90 98
41 25 8 8 63 87 52 46 66 2 86 10 97 44 56 99 39 69 3 87
39 76 14 97 43 62 38 9 91 82 41 81 45 87 46 98 8 62 52 52
60 57 28 88 44 11 61 15 94 90 95 50 6 92 20 18 75 74 76 1
76 28 50 65 97 11 100 23 67 1 60 97 5 43 25 67 42 44 89 95
94 84 39 93 67 60 22 24 94 14 65 20 29 38 27 28 91 90 58 22
15 89 44 32 43 67 81 12 100 63 82 38 97 60 29 92 72 42 55 35
32 87 92 52 81 25 69 56 72 26 78 29 23 28 42 3 56 4 96 39
424 305 248 256
348 246 231 484
225 262 268 216
368 250 348 177
339 316 316 179
408 344 316 413
22 236 197 310
42 348 348 261
124 194 307 378
128 224 228 100
353 346 265 489
257 348 322 243
312 295 285 200
334 354 258 132
400 312 250 370
17 219 181 306
333 219 296 332
127 209 186 352
365 283 338 493
373 298 326 140
91 51 86 92 3 41 84 54 79 23 2 70 66 91 22 41 23 86 66 76 58 41 98 53 63 9 56 87 48 65
85 12 50 19 90 25 62 28 61 61 38 10 24 54 22 1 57 23 86 42 91 86 32 73 32 91 45 25 27 35
85 98 100 20 2 88 5 85 72 58 32 34 34 39 5 72 36 1 13 34 11 97 1 91 9 56 41 13 18 82
69 2 100 68 22 39 33 11 46 9 20 50 35 32 92 78 31 83 31 32 33 44 54 31 62 13 36 19 69 15
96 59 2 15 16 99 55 88 31 56 100 37 51 17 72 97 50 73 62 52 90 35 68 38 2 36 60 30 70 25
27 93 89 95 63 36 30 89 36 35 94 32 35 95 14 90 23 45 87 78 63 23 21 96 13 35 47 83 20 87
17 62 1 51 76 19 78 71 37 13 62 31 89 4 73 65 24 40 92 55 65 31 92 62 89 77 12 43 1 20
16 15 100 46 13 60 15 57 37 89 85 50 16 6 52 31 92 61 35 26 63 99 24 74 89 74 76 11 18 21
1 19 70 52 94 29 2 41 41 80 66 35 7 43 44 37 59 49 49 41 98 9 50 74 73 9 12 55 17 61
44 96 37 30 68 20 30 94 88 59 1 58 59 19 32 32 85 100 97 69 81 34 15 43 19 72 51 38 20 96
29 12 54 5 66 3 13 30 9 38 84 99 11 41 37 83 38 74 35 70 62 9 61 84 45 15 11 96 34 61
82 8 33 57 16 18 60 82 52 58 22 67 69 59 90 32 69 47 24 2 68 96 2 2 50 81 8 53 58 55
93 16 29 68 43 17 93 64 25 97 99 6 13 70 64 68 48 29 46 96 61 100 50 46 88 89 75 3 21 38
76 47 94 72 90 5 79 63 77 46 90 33 73 76 41 96 53 84 19 20 15 57 9 29 82 24 31 18 25 86
8 54 35 55 68 45 58 4 75 46 8 71 89 89 79 14 4 42 18 97 74 68 21 69 30 89 28 24 68 19
96 87 53 74 50 83 66 35 98 72 47 58 35 68 92 68 98 56 32 89 32 74 54 35 71 53 38 85 84 98
9 68 93 82 58 80 62 10 68 34 48 85 51 37 46 100 78 74 39 47 8 22 35 24 60 63 24 32 64 6
34 80 80 99 26 66 57 8 48 49 95 96 49 72 54 32 19 62 29 64 89 89 19 69 15 70 70 52 7 34
76 69 17 97 26 51 39 51 39 69 23 71 27 41 78 27 51 78 72 5 48 72 8 78 7 100 12 27 80 18
64 39 85 75 22 12 79 4 57 39 6 38 10 88 69 26 62 48 87 47 98 61 33 13 43 42 42 61 54 4
71 45 76 4 46 37 63 19 18 84 13 100 18 62 90 22 34 87 51 54 10 54 51 12 22 53 18 13 29 31
85 38 3 88 8 25 12 43 70 68 57 37 37 40 40 91 70 8 59 64 53 4 18 34 28 11 35 85 56 9
22 53 54 58 81 70 36 60 21 98 95 51 85 45 12 83 57 62 36 44 65 6 11 5 79 86 62 28 62 20
68 83 75 61 94 30 54 60 21 95 98 90 64 65 63 60 74 44 93 46 85 37 75 61 83 12 89 16 55 59
34 31 51 40 13 53 30 58 57 61 52 67 95 55 10 64 90 91 29 84 22 45 69 73 94 8 48 63 5 73
80 69 100 19 62 45 98 71 49 61 28 59 66 1 84 44 47 77 68 68 100 95 93 20 23 86 41 85 59 41
53 92 88 2 32 22 80 94 9 52 91 28 10 93 32 82 86 40 20 41 18 23 11 98 33 56 8 59 12 94
40 70 18 16 52 75 89 63 51 65 57 24 84 26 69 49 79 50 10 20 98 87 13 76 61 19 51 19 59 69
37 95 3 55 62 78 34 18 78 18 66 88 65 44 98 93 96 1 29 40 45 40 74 2 88 18 29 77 90 62
82 28 23 68 42 70 45 65 74 84 40 48 74 15 25 50 9 46 57 91 47 4 20 60 14 64 43 87 95 58
33 65 21 91 45 52 68 36 93 33 44 30 15 62 63 21 73 93 48 51 60 18 5 61 6 18 25 82 35 94
34 99 15 83 27 71 84 29 4 22 44 52 84 15 85 57 47 80 88 28 17 83 87 8 77 99 30 51 74 18
64 84 18 27 88 20 48 87 56 80 35 43 26 97 82 17 96 30 5 48 25 76 93 27 17 87 29 35 42 22
30 6 64 56 13 51 7 42 53 27 33 62 47 14 11 33 35 27 16 17 29 76 32 51 23 18 77 99 41 89
1 22 100 56 33 61 94 86 98 78 20 55 15 7 38 34 25 72 6 20 93 36 9 83 49 78 73 4 69 70
29 25 32 75 22 30 7 93 27 33 3 91 31 56 24 43 11 9 47 23 58 50 37 65 48 51 53 31 81 44
74 73 43 78 37 76 67 63 17 76 84 9 64 66 36 10 52 5 37 30 15 54 65 87 55 68 92 95 52 51
92 82 66 96 63 75 41 36 66 38 17 53 26 74 58 19 65 49 71 27 12 69 84 49 48 7 14 28 23 19
45 59 59 34 72 48 5 35 34 42 83 87 30 31 49 77 74 35 20 98 96 17 9 40 22 81 78 80 68 29
92 80 43 42 38 42 62 58 76 61 99 76 52 15 23 10 7 99 26 33 9 11 96 49 94 33 80 19 29 83
55 47 32 44 35 11 45 51 19 85 49 61 97 94 72 37 68 18 59 90 34 32 43 47 60 24 52 56 46 3
5 83 53 47 54 93 23 73 19 97 97 22 64 25 68 18 69 38 80 69 37 60 88 12 32 23 89 54 42 91
75 9 30 97 24 90 1 25 39 60 98 64 18 83 54 72 52 28 17 53 63 12 49 26 18 95 98 87 67 85
44 29 2 59 45 30 11 73 45 81 44 65 30 25 34 58 27 29 61 8 6 15 5 28 36 87 79 53 99 29
83 64 88 57 28 30 95 94 83 23 93 50 63 17 31 17 94 28 16 50 17 46 62 25 86 69 71 76 40 49
63 73 43 66 40 45 42 29 82 3 39 74 78 30 9 14 1 57 97 9 78 38 33 21 12 87 7 81 41 25
76 48 8 63 87 48 84 77 86 72 24 43 37 32 23 6 40 12 27 66 24 32 33 62 49 31 71 25 98 69
57 6 60 39 5 77 78 9 50 16 64 61 64 15 16 86 33 86 80 10 66 93 19 85 2 84 31 53 70 18
31 6 78 77 91 37 29 24 88 60 31 46 45 70 4 7 96 10 73 84 98 44 9 43 93 2 79 51 86 87
100 47 50 4 17 32 80 71 65 24 30 77 19 92 19 42 27 3 65 62 15 90 18 3 71 10 86 17 59 69
94 77 68 21 57 54 66 82 6 100 34 3 93 94 84 16 41 68 43 41 93 76 16 11 33 9 62 100 30 70
49 87 18 8 88 28 74 49 100 99 10 64 11 86 94 55 20 69 40 32 52 62 71 74 16 89 60 82 18 22
67 10 36 34 76 3 99 26 27 74 86 54 56 43 31 6 89 44 50 36 53 13 29 81 98 55 80 39 11 97
48 38 7 51 50 48 25 98 5 25 67 26 75 9 95 46 47 52 14 97 61 29 46 58 34 37 93 73 59 51
57 33 72 52 95 37 56 33 14 9 24 8 26 37 70 70 65 57 91 26 66 1 91 69 76 8 46 14 14 88
68 47 13 40 100 15 40 14 63 72 84 89 51 100 81 61 77 66 93 53 31 77 57 99 77 5 63 84 47 2
55 76 28 88 36 86 42 11 50 100 73 34 9 98 40 11 90 16 87 94 17 33 32 85 39 42 70 21 76 28
56 98 6 77 1 71 29 90 63 42 25 52 22 82 99 22 85 82 45 96 91 21 88 37 74 14 3 46 25 86
91 27 45 90 24 52 62 41 42 34 43 85 91 64 63 22 65 60 64 62 27 59 69 41 58 73 29 78 59 96
94 66 83 39 43 58 89 46 16 25 3 51 75 7 34 59 4 72 49 63 44 41 59 97 44 1 14 42 9 50
