20 20 30 3
10 5 6
11 19 10
13 5 6
19 11 11
14 16 17
15 15 10
17 13 15
12 17 11
10 17 8
7 17 7
19 8 6
9 7 18
12 17 18
13 13 16
8 9 20
15 6 13
15 18 14
16 6 10
11 12 17
17 10 13
8 15 9
8 20 10
7 20 13
13 16 6
20 8 5
11 18 5
18 16 17
14 5 15
15 17 5
10 5 13
78 155 80 478
77 287 165 259
77 221 211 350
77 207 144 188
77 69 202 278
39 141 182 209
47 350 233 259
26 259 123 262
25 379 267 225
44 96 69 250
36 311 81 319
74 212 113 149
48 64 296 216
25 162 273 176
4 282 213 298
64 204 121 296
49 110 70 415
62 96 91 277
3 225 196 327
63 65 89 216
94 61 11 38 88 81 79 49 85 76 100 66 98 30 29 83 25 41 85 56
96 74 12 1 42 52 18 14 14 89 69 90 23 83 39 51 65 12 93 40
91 64 81 74 98 7 32 56 40 21 66 49 96 51 49 12 80 20 8 62
39 13 13 50 14 7 67 38 1 70 32 60 64 19 21 23 36 74 80 57
41 97 43 50 53 16 44 36 37 76 58 66 29 94 37 22 53 28 76 79
73 82 57 9 50 57 3 61 44 23 6 27 98 44 2 67 79 2 64 52
63 64 56 38 36 31 43 36 27 20 92 9 31 49 84 17 76 47 87 84
76 60 19 23 1 26 75 6 92 51 59 66 63 81 36 47 27 17 100 1
95 24 78 77 72 69 21 44 51 2 3 58 2 26 76 65 31 64 73 82
37 17 39 20 46 36 88 25 32 25 92 45 73 97 90 54 27 12 55 23
16 69 45 47 14 100 59 19 4 76 19 56 85 12 31 8 70 63 53 39
63 3 87 1 14 94 36 25 34 7 1 32 20 52 44 5 57 11 61 8
53 69 99 41 99 100 34 11 96 48 70 15 44 12 92 97 21 46 76 42
65 31 35 100 28 83 95 65 13 98 42 93 28 21 85 74 57 79 58 72
37 62 71 36 90 73 23 48 37 64 61 59 31 93 37 73 30 69 2 19
76 57 45 67 59 53 58 30 42 60 13 60 37 6 57 75 81 10 2 32
70 37 85 6 11 29 55 11 55 38 20 37 88 43 47 12 90 33 95 43
59 96 16 7 55 22 66 6 79 18 45 42 34 91 39 27 43 12 78 56
87 66 44 6 95 77 71 12 93 75 100 73 11 8 80 8 14 7 23 36
52 32 94 21 98 77 76 87 97 21 65 35 15 25 90 15 83 92 100 15
48 74 26 3 38 95 7 52 10 12 2 44 14 63 84 59 77 37 46 62
41 32 88 42 36 11 91 51 10 12 9 93 41 87 58 16 65 86 58 51
27 87 65 67 67 37 33 10 75 6 1 15 75 1 99 66 99 34 54 40
86 93 4 79 25 80 79 48 19 11 99 40 18 12 82 15 59 4 96 78
88 100 58 41 26 32 31 52 98 6 86 78 12 37 69 63 97 59 55 10
19 22 19 37 77 9 73 56 53 43 56 17 16 1 54 28 15 36 57 18
80 2 25 52 60 97 63 68 62 3 74 24 53 12 32 8 81 44 96 77
19 63 63 91 41 6 27 10 6 64 29 39 52 17 49 24 84 86 83 33
12 14 14 18 56 3 81 94 31 85 27 51 47 89 67 26 6 52 43 37
49 67 63 33 88 7 55 8 26 93 87 67 51 13 42 14 90 93 20 27
62 33 90 38 85 22 33 18 64 2 75 16 31 2 71 83 92 30 84 45
39 61 86 45 2 67 75 95 74 68 82 70 84 32 8 35 98 19 2 17
66 13 77 28 69 6 75 31 60 37 23 99 29 29 12 19 72 78 33 9
82 14 32 22 51 58 63 86 45 52 97 19 58 70 66 3 20 75 22 5
73 60 16 47 51 16 48 60 70 87 56 6 43 40 61 80 23 23 44 69
40 48 90 35 98 66 36 60 22 11 5 33 89 28 28 70 64 100 60 82
15 52 33 2 7 62 68 35 28 77 66 84 14 78 77 80 37 53 89 20
58 97 55 25 32 92 73 78 35 16 50 81 91 74 87 78 46 9 7 44
43 68 78 78 3 14 86 34 52 50 78 49 81 90 32 62 96 76 33 27
15 86 41 90 86 34 86 40 2 2 16 87 63 13 76 78 34 75 63 19
46 21 57 2 50 58 6 100 16 51 53 58 78 89 19 68 98 18 79 95
61 60 1 54 62 3 3 8 64 90 27 8 86 35 39 36 41 95 100 52
89 33 45 11 84 35 100 49 25 77 30 84 3 32 76 39 7 68 34 18
1 31 24 53 93 46 23 21 70 20 46 51 46 41 90 34 95 11 74 19
3 13 99 54 10 24 19 48 48 37 19 52 89 25 53 68 82 48 100 1
91 77 55 19 48 27 28 17 95 10 50 32 7 4 58 10 79 99 83 13
59 94 47 3 17 49 37 35 28 44 90 66 92 89 89 78 84 10 84 81
60 65 28 28 73 7 72 27 10 78 12 54 20 38 84 55 49 59 84 43
95 67 91 52 1 87 76 47 35 60 90 21 42 81 8 29 25 58 85 73
91 99 31 80 40 47 12 8 18 27 32 16 78 96 88 99 82 60 13 18
23 6 52 1 67 14 95 50 78 8 55 86 61 35 22 88 31 77 91 97
20 34 40 38 56 97 44 15 18 28 33 9 82 44 39 13 67 92 55 23
75 48 82 8 67 42 4 46 25 48 13 64 34 75 28 56 80 58 64 81
98 99 13 67 35 95 45 12 95 94 32 90 52 97 86 97 57 39 46 20
90 29 98 24 26 91 54 21 7 13 46 42 33 34 34 4 49 24 33 24
78 20 7 52 67 51 74 49 11 94 41 38 78 7 69 96 66 60 7 59
83 78 75 51 71 63 97 33 62 26 90 10 72 66 30 50 85 72 72 67
69 69 36 49 74 91 38 60 56 87 93 14 85 67 16 90 85 94 47 14
35 69 11 47 25 14 6 42 59 8 65 12 63 13 53 77 95 34 10 43
91 69 11 47 14 74 10 88 88 46 49 88 14 94 50 64 53 50 29 22
78 209 296 262
77 310 64 265
77 281 112 423
77 107 213 368
77 195 140 433
65 322 153 160
32 295 90 384
16 225 295 291
27 79 327 363
48 372 192 227
45 343 68 476
70 376 209 190
50 187 238 132
37 217 63 293
1 244 274 152
25 154 222 363
28 330 335 270
56 221 245 497
25 110 184 178
47 118 283 187
91 65 50 38 59 60 18 13 47 2 37 2 42 3 92 38 76 84 68 32 62 57 50 85 74 73 61 34 42 43
43 29 47 61 33 58 49 85 91 37 30 15 36 5 98 25 2 38 74 27 89 68 25 68 11 54 28 86 23 73
41 12 70 36 42 25 19 82 24 59 92 3 36 90 86 11 25 46 73 14 21 2 20 36 93 48 17 59 10 59
53 89 16 34 17 41 87 98 95 2 37 100 99 66 11 81 31 64 12 7 60 17 50 98 74 68 96 70 19 11
25 53 66 28 54 28 59 3 56 52 9 77 7 60 26 16 53 94 13 64 54 26 94 56 4 71 9 40 99 64
67 12 8 4 97 71 21 64 66 45 36 45 27 10 68 64 91 65 99 30 6 12 34 2 81 65 6 85 1 89
90 51 17 21 68 5 80 25 91 11 41 27 86 71 50 42 39 80 62 13 76 26 18 43 50 10 22 97 67 39
99 100 36 35 41 36 34 23 6 28 94 65 27 1 8 33 26 27 71 1 35 52 6 61 49 84 54 12 4 98
44 28 80 42 19 93 83 75 71 37 9 1 37 71 56 67 10 31 57 83 58 87 59 7 76 67 2 16 75 5
36 67 4 71 64 22 34 69 95 75 100 16 26 96 97 73 5 33 3 87 97 92 90 84 35 85 100 86 58 96
14 21 9 74 65 61 24 21 10 96 13 71 14 49 13 64 71 45 47 42 80 42 98 90 1 17 81 23 20 59
47 62 76 100 29 31 95 10 81 43 73 43 10 90 77 2 95 67 29 64 82 4 95 13 91 99 44 66 14 22
50 88 7 96 49 58 46 59 84 46 33 65 78 9 73 61 88 32 6 12 18 9 95 17 99 38 52 51 87 21
24 69 43 71 42 74 2 6 73 6 36 48 96 43 36 9 62 23 74 51 50 99 38 93 30 45 43 23 53 38
13 13 77 10 55 94 78 67 97 63 13 65 78 30 65 50 38 61 99 94 4 53 6 3 30 52 50 54 78 76
8 77 59 33 16 2 65 45 81 80 85 23 38 96 58 83 14 62 52 4 34 35 57 54 97 40 83 82 67 94
23 89 57 51 65 17 71 93 43 44 82 78 38 37 11 11 53 39 20 11 15 33 80 41 35 43 58 62 96 73
53 71 77 38 20 80 50 24 73 66 8 76 87 71 21 65 42 7 10 56 89 9 99 75 25 31 27 17 36 23
10 57 97 96 33 30 97 36 65 53 59 40 50 92 27 33 92 27 40 7 34 41 53 88 40 44 59 93 56 48
77 99 77 5 85 94 5 68 76 65 64 22 71 33 82 32 58 96 95 62 21 85 76 2 8 25 47 63 20 95
68 77 83 26 60 35 3 15 73 55 42 95 46 27 26 94 87 17 84 33 69 18 33 98 30 77 11 48 79 19
76 56 58 21 99 59 8 45 74 99 70 26 39 29 96 60 62 67 27 42 43 89 13 5 51 7 57 46 39 30
93 51 17 58 49 19 53 35 66 90 48 93 90 40 47 11 74 19 10 42 13 76 63 27 21 68 99 15 78 83
94 56 97 21 90 47 5 59 49 99 53 47 9 44 1 53 93 33 62 84 15 1 83 10 21 50 30 19 34 23
85 99 78 38 65 76 61 84 55 2 2 79 16 21 39 44 58 10 3 86 67 80 70 64 49 24 97 8 16 13
76 7 1 33 50 88 85 64 91 97 17 57 95 58 28 99 15 3 11 80 22 9 60 72 58 72 23 73 98 97
7 83 3 41 41 66 7 50 81 31 44 85 74 99 33 24 94 93 2 51 75 88 48 52 5 28 31 89 57 76
17 88 59 14 54 92 57 38 86 13 12 51 26 78 69 55 73 7 98 70 55 25 49 5 90 86 58 43 11 28
30 27 96 31 12 49 58 64 55 72 78 70 49 68 66 51 82 48 100 30 96 56 54 29 6 35 87 23 94 24
48 34 47 87 22 42 13 60 32 66 93 29 72 6 8 11 22 63 86 37 82 33 97 80 71 62 46 46 10 23
95 6 96 52 90 83 16 62 29 34 60 46 100 80 22 43 22 18 30 35 9 29 58 8 80 99 67 79 96 46
84 10 68 60 54 39 17 60 62 100 60 65 65 68 83 54 64 99 1 5 44 51 38 42 50 16 33 27 91 30
85 37 51 25 82 21 83 1 31 98 34 51 53 47 99 64 44 9 52 42 13 72 52 69 24 11 5 10 4 96
80 16 32 72 30 66 95 31 25 77 62 29 57 69 79 79 66 71 85 14 93 12 42 86 4 42 6 84 5 37
76 77 79 40 100 49 21 87 8 24 75 31 91 59 43 25 80 64 5 19 13 5 58 77 42 27 61 69 28 39
28 81 94 43 89 14 39 25 49 7 15 90 75 24 42 53 77 9 66 76 3 93 66 97 45 6 79 85 8 16
24 84 6 40 95 73 19 93 95 44 69 56 21 86 64 85 77 95 41 19 79 27 75 25 53 90 60 16 63 92
66 1 61 92 38 78 47 24 8 54 44 39 89 9 42 83 7 2 7 90 19 75 72 90 27 93 37 15 25 76
97 76 5 82 60 78 76 28 40 97 61 92 8 96 36 13 90 96 14 57 39 32 17 98 16 35 69 10 49 83
94 33 67 39 15 24 1 5 50 1 86 10 16 85 1 9 30 20 91 7 63 19 4 87 81 76 12 64 66 13
36 93 48 63 45 48 79 18 67 47 17 20 78 80 85 86 54 53 24 39 73 59 10 84 3 17 64 98 47 75
25 15 75 48 31 73 8 6 85 73 75 74 93 84 71 92 47 84 47 33 59 36 95 4 22 8 94 81 44 62
24 57 78 49 98 79 29 45 59 85 23 36 5 43 53 46 26 15 24 84 72 16 76 88 32 39 12 35 75 74
30 3 33 26 3 47 79 53 65 37 15 100 22 13 88 55 63 69 4 47 73 93 61 59 36 35 37 58 75 100
38 71 31 60 66 40 38 52 63 15 32 8 80 51 33 52 61 22 94 3 81 81 60 68 21 84 89 34 55 29
62 44 51 94 48 83 94 8 69 9 15 14 80 58 98 12 93 71 62 10 28 37 12 89 80 8 97 3 22 31
84 73 60 69 70 65 63 78 25 75 71 2 7 6 70 83 34 32 20 29 46 8 84 90 100 24 37 69 32 52
93 64 60 67 74 80 31 76 24 5 45 55 48 10 5 66 95 24 88 72 41 38 4 8 87 37 99 63 75 59
31 34 68 79 26 10 39 44 11 17 25 74 70 74 9 88 41 37 90 7 97 72 15 41 28 100 36 47 38 51
5 24 15 29 93 44 93 66 64 88 49 74 44 92 78 3 58 92 95 4 52 19 48 81 51 50 74 43 55 81
79 92 76 45 77 70 81 68 55 42 38 57 4 95 94 61 39 26 76 68 55 56 70 91 73 76 43 65 57 12
29 5 11 82 51 75 38 39 48 4 99 43 94 84 74 15 88 29 65 17 76 50 43 91 32 66 17 97 57 33
40 94 48 52 77 61 29 12 52 91 10 78 44 5 83 87 71 36 18 5 21 76 51 13 39 68 56 33 28 60
38 32 59 11 47 7 83 70 51 22 58 24 84 97 46 49 76 6 54 37 75 40 70 50 9 20 61 76 43 91
94 86 70 56 52 26 70 19 49 57 53 12 59 79 43 13 78 85 55 66 95 71 78 99 11 29 15 78 90 92
49 95 65 76 15 61 19 61 26 97 32 44 72 32 100 50 95 39 71 97 21 89 29 97 10 95 62 82 6 25
7 90 36 24 6 77 60 55 76 44 31 60 81 30 93 61 94 76 10 52 96 11 4 65 11 81 51 7 61 13
65 59 41 5 32 100 57 69 45 75 10 87 91 83 27 33 44 94 79 63 10 50 32 62 98 82 16 88 86 75
97 44 21 38 61 44 26 70 77 10 36 86 43 47 88 95 36 16 59 3 19 30 55 99 50 43 64 13 26 76
54 27 10 75 17 42 15 34 13 30 99 16 9 30 62 28 31 98 94 68 11 34 16 67 24 53 47 53 47 49
