20 20 30 3
15 20 6
14 12 19
10 19 9
6 11 19
15 20 10
6 7 7
8 12 5
7 16 5
8 17 19
9 18 5
9 16 15
11 19 10
5 20 8
6 9 20
13 11 13
13 19 19
18 20 17
13 11 10
13 14 9
10 5 12
8 7 7
7 10 14
14 16 8
18 15 19
7 14 5
7 15 17
15 7 8
10 5 15
5 17 20
16 13 8
63 122 273 283
63 252 112 380
63 224 88 463
63 353 142 111
63 102 115 244
34 156 349 395
43 240 290 339
53 202 117 366
44 270 194 432
53 76 108 322
11 259 125 110
48 152 264 139
46 130 134 222
35 378 246 125
56 167 341 169
46 185 325 345
63 193 309 311
63 170 258 499
51 111 232 407
31 185 107 490
83 52 10 86 95 79 30 69 31 17 38 5 78 97 29 7 17 90 73 39
99 15 33 22 40 13 20 49 80 1 42 84 36 69 7 39 84 96 44 91
100 58 47 49 72 77 3 89 30 75 22 32 98 41 5 66 76 8 35 58
96 45 26 23 7 52 6 44 65 50 44 50 41 7 74 58 7 22 61 53
23 30 96 44 28 74 29 45 16 64 40 77 46 68 55 82 1 73 29 30
22 100 84 91 86 54 20 52 6 95 59 28 35 51 73 54 59 76 81 40
34 73 10 32 57 72 33 70 69 96 69 11 79 82 6 72 42 80 98 11
57 65 1 14 38 78 79 59 92 36 82 25 55 2 29 38 28 24 67 97
79 20 74 82 53 75 44 99 84 9 77 76 39 85 34 87 38 66 6 29
97 69 69 25 52 41 27 99 97 53 76 100 82 96 13 69 40 64 87 64
86 67 76 87 19 2 79 73 82 12 27 10 48 86 64 79 88 26 51 88
3 64 88 6 69 7 44 18 36 58 23 27 82 56 49 76 1 23 1 3
54 98 79 73 84 26 73 12 46 60 48 92 41 60 12 36 11 21 97 37
49 63 29 16 74 92 59 47 4 87 14 63 70 11 50 27 40 59 47 18
93 1 96 13 100 39 15 79 78 41 58 90 28 86 12 62 97 93 35 92
97 13 59 83 39 21 18 60 47 99 81 77 41 11 9 36 96 27 39 48
23 19 86 92 96 16 90 83 48 85 96 49 38 22 73 41 80 85 78 38
39 8 22 99 75 73 2 76 73 7 57 68 60 83 85 80 43 26 31 68
40 5 28 16 92 99 17 93 96 46 9 76 75 43 85 46 72 99 36 40
16 45 65 79 80 28 83 98 84 79 46 46 88 98 6 14 22 78 15 67
7 70 18 40 30 46 74 75 23 35 7 97 43 24 48 53 42 27 73 3
66 79 57 77 93 6 8 77 10 21 81 47 51 77 34 46 14 36 84 24
10 31 78 97 26 12 96 22 29 14 44 1 41 14 18 3 51 7 99 39
54 52 17 76 38 57 25 79 86 10 67 49 86 22 8 76 18 52 99 85
89 40 70 68 27 79 33 94 17 29 77 34 66 69 30 72 40 45 74 89
97 16 25 41 41 36 71 68 33 1 71 21 25 79 28 1 15 98 60 68
73 78 62 49 68 58 8 82 99 59 98 3 38 60 67 14 11 17 84 4
51 2 16 84 38 28 96 52 44 25 61 66 71 93 23 61 36 40 44 87
91 50 72 84 79 85 33 65 95 30 56 67 84 41 95 60 71 62 21 25
82 39 84 56 75 22 81 23 86 38 11 84 68 41 75 51 53 40 50 38
15 66 2 53 24 84 14 71 10 23 15 41 3 31 9 83 32 79 27 26
4 46 66 78 52 24 78 27 97 6 53 10 93 6 57 72 33 35 84 46
15 95 12 93 55 43 30 39 49 51 20 10 63 45 51 5 30 73 78 28
22 87 49 18 93 71 25 69 72 80 27 60 74 61 80 65 53 87 81 86
47 19 90 49 30 55 68 4 62 93 83 62 96 93 11 79 8 33 94 61
59 2 75 88 17 68 46 91 54 68 37 23 27 10 25 92 55 9 93 40
57 20 66 97 74 51 14 48 35 60 28 62 56 67 29 12 66 44 84 69
96 60 91 33 57 74 3 41 88 79 6 81 42 59 2 41 16 97 87 22
30 31 17 9 7 46 27 46 67 64 87 52 37 43 72 1 57 50 93 37
74 11 13 33 15 96 71 56 17 49 71 61 99 11 5 88 54 43 77 94
99 57 19 79 36 26 40 92 13 80 32 5 5 42 76 32 25 65 67 14
86 75 28 42 89 77 42 26 57 21 49 23 70 18 92 94 76 80 95 79
15 85 66 59 11 100 52 42 48 68 79 46 87 19 8 90 7 46 11 40
65 54 46 18 2 31 28 55 56 62 75 40 65 68 92 18 76 50 34 56
25 28 36 51 35 89 87 29 8 70 78 39 88 52 96 3 50 35 84 33
14 81 24 41 80 14 40 19 7 3 40 91 28 79 80 43 82 57 11 88
8 32 88 43 42 45 83 12 18 30 8 57 19 94 17 63 77 48 71 94
47 96 25 19 4 94 74 75 37 34 54 51 58 28 45 44 83 6 87 44
27 59 21 27 28 60 7 27 29 40 97 72 79 82 80 76 37 48 52 68
3 1 20 34 24 19 92 58 92 93 100 14 34 31 6 39 33 25 31 95
17 80 96 57 68 53 2 9 49 1 75 79 66 60 64 32 84 20 7 60
5 93 36 87 23 64 80 54 86 57 92 9 39 51 50 88 21 55 94 77
100 21 47 43 67 23 8 43 98 19 9 73 61 70 15 47 67 14 92 84
23 46 84 99 59 83 72 67 38 88 5 14 19 79 81 94 5 24 76 44
87 7 76 92 29 46 32 83 96 66 97 42 37 60 59 10 19 27 90 91
30 24 21 49 4 26 98 70 58 69 55 38 97 76 14 36 95 3 57 57
95 1 8 19 19 69 88 44 28 42 64 82 68 34 71 35 94 7 86 16
62 16 75 51 66 24 14 8 2 3 60 34 85 56 40 53 71 8 46 43
39 67 82 88 51 63 82 12 15 86 88 97 16 42 9 39 34 9 18 44
78 74 95 30 79 22 3 16 47 100 1 69 39 65 9 83 6 4 24 45
63 143 134 148
63 241 101 253
63 301 304 101
63 187 214 161
63 344 335 176
11 333 324 436
24 290 176 379
10 337 304 272
14 292 76 151
8 232 150 429
21 83 173 209
1 113 288 418
40 92 253 355
11 334 121 180
34 169 206 407
55 329 107 462
7 324 225 371
16 352 73 135
57 342 231 127
9 335 146 121
23 49 89 2 19 45 56 36 59 81 90 3 83 36 9 19 79 62 29 92 86 96 2 74 50 2 78 58 34 68
100 21 44 44 45 27 75 74 12 25 77 25 54 2 10 68 1 96 17 5 82 19 33 42 16 23 42 66 40 59
45 12 15 47 97 21 17 58 92 10 1 69 75 27 40 51 92 30 63 98 7 97 98 75 81 46 46 70 63 70
48 1 90 39 92 11 89 5 13 33 97 1 45 60 25 84 19 59 44 30 30 70 46 29 13 62 99 60 60 85
2 99 71 97 43 51 23 47 32 39 18 100 49 55 82 74 73 70 96 96 57 35 98 95 53 48 55 89 69 79
93 82 73 88 68 51 47 59 88 48 89 78 53 19 86 18 80 93 86 8 87 76 68 68 43 42 26 89 56 92
26 2 22 95 90 95 1 23 46 35 42 62 6 48 36 98 43 61 82 8 83 97 8 48 26 88 92 63 60 27
9 20 74 69 31 42 24 92 69 53 32 19 18 12 51 43 10 61 97 19 48 8 73 57 30 21 58 73 2 22
36 16 59 75 1 38 57 9 95 31 31 34 44 43 61 57 81 50 78 46 24 95 84 88 49 3 50 50 91 52
58 30 97 9 32 46 33 22 85 72 59 95 10 40 47 17 41 41 16 27 89 89 91 5 93 74 91 95 41 49
19 38 91 12 21 14 80 70 14 87 81 50 79 71 89 84 17 94 45 83 78 22 38 55 57 90 50 89 20 100
60 59 89 25 37 6 90 14 80 30 37 64 59 57 30 2 69 96 82 79 91 49 59 15 67 89 7 99 61 16
94 78 2 1 34 77 82 46 42 77 41 76 72 58 47 20 19 72 47 49 22 4 47 10 12 52 29 27 31 73
61 21 85 43 31 10 75 58 84 29 43 33 32 23 76 30 11 40 70 22 93 85 44 80 96 97 56 42 18 77
38 27 9 18 85 33 46 27 63 21 89 81 5 11 11 15 93 14 83 97 88 62 2 53 45 63 96 15 94 49
84 90 32 86 77 78 71 56 59 59 55 82 87 8 9 83 95 41 51 81 83 29 68 8 84 46 96 68 87 21
25 43 42 7 24 88 86 65 80 28 71 68 48 42 42 72 40 39 83 9 32 49 13 14 2 69 47 79 73 58
50 76 40 9 84 51 93 27 64 95 13 45 69 50 22 75 93 65 37 67 68 40 63 21 11 31 77 64 28 80
85 61 82 97 64 42 70 58 33 14 85 1 17 89 42 63 97 81 60 55 98 47 80 68 96 2 51 74 37 44
9 91 16 34 84 61 75 28 82 79 25 91 70 68 54 59 33 68 81 76 53 28 89 60 84 78 8 51 9 23
29 48 77 73 95 94 36 50 44 38 97 39 21 27 97 32 82 64 86 24 56 94 76 98 45 51 74 16 33 24
53 92 17 18 83 39 77 62 19 95 96 6 42 39 93 64 40 14 40 80 16 91 43 4 94 53 46 25 50 95
29 91 88 37 20 7 58 15 56 36 36 30 15 52 47 90 64 86 80 7 97 88 14 46 6 64 59 14 87 74
82 47 81 17 59 28 16 40 1 67 17 68 25 73 21 72 96 25 81 79 98 44 8 89 45 19 11 73 4 21
54 21 9 42 21 88 79 28 4 14 80 24 54 29 86 51 84 74 13 17 63 32 62 4 63 45 37 74 18 34
23 53 83 62 38 59 84 16 45 33 19 37 18 13 55 91 77 28 89 7 26 51 17 64 11 21 70 9 41 44
48 36 35 34 73 57 14 13 5 29 22 45 95 69 34 5 2 94 15 97 95 48 90 79 40 75 76 99 3 5
45 92 92 79 45 87 11 98 44 25 82 96 25 39 85 84 29 94 45 1 31 30 59 28 93 54 51 23 41 37
33 85 54 3 16 58 71 91 31 99 54 75 86 36 78 43 89 3 38 60 33 32 88 71 49 68 82 66 79 68
75 56 44 67 90 40 64 80 91 45 27 53 7 14 24 53 29 29 1 64 39 85 41 50 99 31 78 65 63 46
92 87 95 24 48 52 41 96 84 27 85 21 65 45 72 93 16 45 15 53 29 57 49 18 89 40 96 92 71 84
13 50 54 26 68 39 99 63 86 23 53 71 70 61 99 29 67 1 55 79 60 99 75 53 24 48 71 27 82 93
39 3 42 89 28 24 80 90 82 5 52 52 7 83 28 24 55 42 72 57 65 86 36 100 61 13 69 65 60 6
50 38 42 19 61 20 12 7 25 41 30 72 69 48 66 70 39 96 69 72 34 28 54 49 95 31 86 96 100 91
38 38 78 46 26 72 46 99 7 27 96 96 26 50 67 91 95 92 25 22 17 18 55 5 27 34 46 93 39 55
31 31 49 7 28 3 88 38 98 11 35 9 10 48 82 21 22 75 67 74 29 35 14 96 67 4 20 35 63 37
83 77 56 80 41 95 51 33 37 50 22 87 67 51 71 56 7 60 1 93 32 63 77 65 55 84 41 88 7 54
88 29 18 70 50 81 86 21 65 69 92 8 49 56 56 100 4 86 50 6 15 71 6 64 89 28 19 37 67 30
6 37 82 3 50 8 48 47 22 47 59 92 44 79 42 14 21 63 71 77 31 98 53 26 52 20 61 47 53 10
40 63 57 6 77 77 37 51 14 98 26 50 52 82 21 86 35 30 14 5 47 11 94 13 27 67 19 33 61 43
67 10 66 60 94 50 1 45 85 47 20 60 76 53 14 53 65 62 94 49 94 34 66 87 19 65 46 74 69 96
26 6 61 36 26 37 13 17 74 38 15 33 92 4 2 58 44 57 24 66 17 7 82 14 20 15 5 99 10 56
17 37 50 11 74 37 99 2 38 82 78 39 42 1 99 87 46 64 81 3 88 36 50 80 52 1 41 84 59 27
63 12 58 53 19 50 1 21 99 56 21 68 45 20 80 21 59 100 99 2 52 8 92 46 33 13 33 23 27 92
34 56 99 95 88 28 60 14 45 80 100 75 77 14 48 37 44 74 47 37 63 67 77 2 38 90 60 78 53 11
83 28 67 54 91 82 13 12 100 49 50 47 4 37 70 52 9 75 52 96 14 66 49 75 69 34 65 26 80 80
96 53 32 20 21 15 98 97 22 46 65 75 32 33 2 63 91 38 22 36 74 79 71 26 80 73 82 92 51 59
65 69 13 54 88 91 6 5 53 26 68 97 43 41 84 86 84 55 43 92 45 3 57 9 62 25 94 77 35 8
93 99 28 7 72 32 99 5 33 38 49 35 57 23 24 7 72 92 56 38 25 94 6 81 19 7 27 18 32 97
86 65 9 78 38 28 15 15 49 12 92 81 14 43 10 35 90 74 67 36 13 37 96 63 23 83 33 66 35 97
13 55 75 45 51 29 74 71 98 61 38 13 59 60 59 31 16 7 26 73 11 40 65 15 47 81 57 81 47 69
15 64 65 82 71 31 28 11 79 40 40 5 98 84 49 52 32 33 87 81 66 29 84 76 13 14 89 92 56 50
73 61 39 33 11 22 63 38 90 22 40 37 43 15 20 94 81 1 54 40 49 32 50 39 53 64 33 51 71 24
12 27 63 20 68 77 79 77 98 33 1 24 75 84 36 54 90 98 65 53 5 68 30 39 75 67 20 53 97 16
19 53 94 56 14 18 55 57 39 97 59 60 79 63 98 39 96 95 70 60 91 29 41 99 3 33 62 39 19 44
12 51 43 14 22 66 6 23 33 6 40 36 32 52 79 86 15 97 5 100 65 7 38 44 29 86 22 74 43 35
40 21 7 63 48 67 53 18 28 80 95 22 34 76 62 18 11 83 87 99 4 65 99 63 58 73 45 34 48 77
24 55 3 86 62 14 47 41 56 11 47 73 29 82 60 94 17 75 84 44 40 57 87 47 70 78 45 38 26 74
87 13 79 44 60 48 97 98 26 9 11 40 17 28 54 83 65 32 92 2 47 68 21 14 42 52 86 41 95 77
95 55 54 70 24 13 32 94 85 30 64 48 5 47 38 81 67 87 48 66 15 77 58 96 7 49 97 80 94 12
