15 15 30 3
9 16 5
12 17 16
9 20 19
5 19 16
5 19 11
6 13 19
7 15 7
10 17 13
11 12 12
13 17 13
16 14 18
15 10 19
10 10 19
19 10 15
18 7 15
11 12 9
19 6 9
14 15 17
11 18 9
10 19 10
17 18 10
14 13 7
8 12 6
6 10 17
20 18 5
12 8 8
16 19 19
8 9 16
19 19 17
12 19 6
361 409 240 178
346 290 307 489
124 269 295 206
191 323 348 483
355 323 324 223
64 339 199 227
161 317 309 124
98 275 254 256
124 375 304 397
30 290 237 239
173 318 215 403
76 282 211 454
80 376 284 493
334 252 364 463
167 272 323 156
18 79 63 17 83 8 84 65 1 86 83 8 10 70 18
27 80 5 72 27 94 7 58 90 79 85 49 17 6 80
44 75 50 96 66 29 52 67 98 56 14 81 31 70 24
91 74 86 94 57 68 38 36 96 37 95 39 45 93 15
35 39 21 8 64 42 54 18 90 62 36 71 1 30 62
83 10 71 84 35 71 70 80 30 32 79 68 73 70 4
85 66 1 65 27 60 41 45 63 49 15 58 1 92 5
82 70 50 92 36 66 68 78 29 73 28 26 56 6 56
76 95 41 14 66 68 69 23 80 8 36 35 60 94 13
43 89 15 17 11 80 75 52 39 32 40 32 9 32 17
12 25 93 95 59 32 33 91 90 90 77 72 100 59 76
99 63 90 46 78 13 95 45 56 15 44 29 67 44 17
11 50 87 76 10 54 41 73 33 92 20 67 19 96 86
99 37 19 88 93 78 47 31 75 74 68 43 18 20 8
82 50 94 33 96 94 84 67 39 34 46 53 73 94 58
59 59 29 66 55 26 68 50 82 66 83 100 78 89 35
58 10 23 96 56 11 78 62 31 69 17 8 43 42 3
71 49 87 19 48 38 97 14 46 54 50 32 66 50 42
62 83 86 94 51 96 45 39 51 45 14 32 24 33 16
66 14 56 91 7 37 7 79 39 94 4 36 1 88 79
97 49 89 70 31 31 64 13 56 2 19 32 56 37 30
20 100 80 92 86 62 1 64 36 45 74 58 96 64 96
34 44 19 46 29 73 36 24 76 29 8 33 56 15 88
32 85 93 82 13 23 22 88 66 60 72 20 51 23 74
64 46 99 58 58 90 79 13 57 72 87 18 67 12 19
47 6 25 44 58 92 25 72 71 74 82 73 64 27 54
100 9 25 88 19 49 76 58 92 62 8 57 81 51 97
20 38 37 86 98 57 20 96 55 68 75 84 29 30 53
43 91 58 85 60 43 8 53 82 24 23 50 18 40 76
31 39 24 15 10 39 98 96 62 99 94 18 65 16 81
87 66 26 45 49 93 52 74 16 92 66 16 36 26 54
14 76 3 73 24 83 93 57 48 76 50 48 23 69 57
90 76 24 36 31 96 68 4 46 13 63 52 38 61 43
14 58 70 44 52 37 14 52 83 44 42 39 39 46 60
12 33 72 67 32 38 71 44 93 28 33 19 73 76 58
9 79 6 53 50 61 25 76 5 46 81 93 87 83 73
79 88 91 95 47 95 32 95 77 16 18 16 29 42 45
61 31 77 96 3 26 72 42 39 36 52 73 29 94 17
73 92 24 81 63 53 87 7 9 37 66 15 45 32 44
34 91 81 68 66 85 26 42 51 64 31 10 42 47 69
56 70 46 34 80 18 41 8 53 30 91 64 12 51 40
16 51 48 72 16 69 97 36 75 48 6 83 79 8 45
42 97 54 93 59 81 14 12 13 55 40 18 28 29 18
7 56 72 100 33 73 83 30 67 97 87 47 25 78 10
31 63 5 48 67 58 24 31 87 70 60 17 90 32 92
361 221 302 203
243 300 368 500
113 319 361 257
114 251 216 337
122 397 344 183
23 317 251 138
300 413 199 422
111 289 365 366
51 357 302 212
346 394 191 309
245 317 266 256
85 259 336 174
334 317 362 100
98 258 291 283
279 261 345 161
58 83 86 39 93 98 46 13 43 13 28 21 80 11 50 35 63 7 79 16 14 11 81 95 66 68 26 15 48 65
46 15 5 3 67 95 27 47 69 1 53 24 100 68 88 96 49 15 60 63 98 15 84 73 58 63 45 99 50 56
52 85 32 8 90 43 94 21 2 61 18 57 66 27 8 44 29 83 76 20 14 97 40 60 33 48 15 62 18 15
30 6 15 79 45 41 60 4 86 76 63 36 20 55 74 91 67 20 60 86 94 9 42 70 61 65 78 47 72 61
16 57 76 65 10 62 14 28 66 86 26 53 88 27 94 37 33 8 48 35 43 92 28 72 4 24 41 28 11 55
66 19 95 31 35 59 55 14 58 55 88 51 14 63 100 20 34 30 12 18 2 100 23 24 40 32 27 88 7 56
85 60 6 25 79 34 20 14 100 51 95 17 57 72 17 98 100 8 3 30 17 5 3 50 96 63 74 38 31 91
82 48 32 15 71 55 3 28 100 13 7 96 81 65 90 39 5 60 65 100 60 88 79 58 80 21 39 73 87 20
59 75 95 17 6 9 3 30 42 87 87 100 8 84 54 98 62 7 70 42 27 4 93 58 42 23 71 31 33 50
64 88 86 12 1 100 38 64 71 66 1 48 44 34 61 19 56 5 12 3 6 66 72 67 94 93 20 65 39 43
58 48 30 22 96 53 16 91 67 58 89 44 41 100 25 21 18 4 83 80 70 38 19 4 48 55 76 32 69 6
7 48 71 66 95 21 8 7 17 41 11 85 73 25 23 15 93 69 10 51 72 84 61 64 12 61 29 38 45 75
47 92 81 98 59 4 94 63 3 86 81 41 73 22 5 21 48 23 60 53 88 2 16 40 31 89 65 53 48 25
84 35 16 31 88 41 98 61 94 72 29 16 46 7 26 23 32 13 37 55 37 93 59 70 16 30 23 3 13 7
60 20 46 77 86 17 11 57 11 29 29 56 36 29 67 23 86 2 46 26 5 4 58 80 22 14 51 59 90 36
44 64 61 40 66 87 85 24 89 37 71 27 59 18 65 100 38 37 70 42 59 25 67 35 63 44 79 11 53 64
49 1 67 29 24 37 86 13 47 69 55 83 88 58 43 90 36 70 42 9 1 92 16 73 98 92 44 37 9 97
84 18 68 31 74 52 6 82 50 61 89 13 97 59 54 26 65 35 68 67 17 14 93 46 42 5 9 43 46 63
29 2 29 37 7 80 5 7 91 76 45 37 18 52 37 13 45 39 84 100 36 76 11 72 79 25 13 39 45 92
97 33 93 46 33 21 57 3 56 29 53 41 26 50 60 94 1 26 40 65 73 74 72 76 57 7 2 14 30 92
96 6 87 26 12 43 71 67 61 68 5 71 99 7 4 23 15 12 85 84 29 59 32 7 91 9 77 82 21 83
31 92 81 43 25 43 36 16 86 32 48 22 80 13 89 94 60 75 56 97 50 8 84 79 98 79 24 86 93 91
6 62 83 4 40 6 7 3 66 27 66 35 79 59 86 85 88 14 80 15 44 46 57 58 46 63 1 85 15 72
91 71 74 9 70 74 21 89 83 30 27 89 74 40 8 51 50 58 34 13 85 74 48 95 13 70 75 34 8 31
64 75 42 16 46 13 31 63 40 68 21 46 100 85 82 54 14 40 64 83 73 70 87 57 97 60 94 84 93 24
29 85 6 74 28 82 29 67 82 51 11 84 48 21 85 25 95 99 53 13 12 23 4 85 71 49 31 88 19 84
70 72 18 71 68 50 93 1 8 14 23 62 18 97 98 18 97 20 84 26 6 41 49 100 51 69 70 91 19 41
50 3 93 56 86 94 48 96 22 52 68 4 71 94 39 62 59 6 36 52 98 22 26 90 53 31 62 2 43 48
84 68 56 91 8 61 75 97 22 90 24 92 99 2 5 35 61 60 31 39 56 67 50 26 41 35 85 20 3 19
86 13 100 63 85 27 10 6 62 28 38 27 88 96 55 84 16 35 1 78 14 72 60 33 75 83 89 25 98 40
28 80 20 43 65 72 48 30 36 1 39 15 88 38 40 62 50 20 97 24 87 36 50 100 45 94 98 51 23 62
61 68 34 12 4 9 58 5 66 80 75 22 42 92 1 9 39 40 76 85 38 57 41 38 74 84 54 78 37 66
71 82 28 24 72 60 88 36 52 26 74 76 76 92 39 22 23 43 93 80 62 96 79 97 34 23 40 23 47 1
91 36 88 26 65 25 12 54 78 74 8 10 67 38 71 92 21 72 88 18 46 16 70 34 56 34 41 49 11 85
68 46 31 60 88 56 67 86 8 22 89 95 69 13 72 14 29 79 98 62 49 81 49 79 32 37 62 82 56 63
17 78 98 7 52 85 76 43 42 57 87 51 76 18 34 17 37 81 72 53 96 26 79 79 76 91 47 38 37 94
66 79 17 91 33 90 70 33 16 14 85 89 42 37 26 100 41 70 3 18 100 71 59 63 46 49 68 37 77 30
11 13 93 63 20 8 10 16 43 34 78 26 8 72 14 77 24 39 55 63 89 23 72 43 39 65 18 88 4 40
88 44 11 90 82 97 74 50 77 90 43 82 66 32 66 4 36 44 53 28 9 43 26 81 11 63 70 17 76 39
77 41 64 8 51 55 37 38 92 56 10 78 45 52 41 69 47 18 18 9 70 82 93 69 13 30 94 56 50 50
60 65 31 93 44 47 92 50 3 30 76 53 67 86 38 10 93 51 67 37 15 49 93 78 25 22 6 63 98 65
64 24 20 57 26 33 87 54 63 73 25 28 39 92 58 73 69 46 68 36 22 40 17 69 21 2 91 47 88 84
23 79 39 12 52 40 46 85 40 74 33 97 30 35 88 60 48 8 88 34 95 99 18 15 31 15 75 19 10 51
70 26 91 39 34 45 37 93 98 25 1 57 66 50 93 9 53 51 32 58 30 23 41 79 98 95 9 57 21 98
43 89 36 72 81 54 87 26 84 2 32 93 57 39 95 21 82 19 9 80 25 32 14 81 1 38 80 77 37 85
