10 10 30 3
9 6 5
19 5 6
6 16 9
15 10 11
16 18 18
8 9 20
9 20 9
18 10 13
17 12 16
6 15 6
7 17 10
14 12 17
9 12 7
18 12 17
10 16 16
13 6 12
18 14 9
18 13 7
11 16 20
10 9 19
8 19 5
15 11 6
5 8 18
18 6 7
7 7 7
19 12 9
20 8 15
16 15 9
13 6 12
20 7 18
79 233 160 443
78 216 210 425
78 89 291 356
78 205 231 426
78 218 297 150
53 111 105 360
60 229 141 220
54 319 190 115
39 287 81 111
9 120 222 498
32 40 12 68 9 32 56 39 75 82
55 26 98 92 84 40 79 79 26 24
58 5 40 11 32 73 89 67 5 33
83 35 54 75 76 70 91 53 81 52
83 84 29 46 57 61 31 23 93 27
50 93 81 91 59 26 94 41 94 38
87 77 93 11 93 17 61 50 31 87
25 54 20 32 74 83 95 36 35 66
77 83 1 54 77 16 52 99 30 46
33 27 75 77 91 58 3 87 83 73
46 73 88 41 13 46 17 30 59 32
97 2 84 44 63 72 50 96 38 39
51 6 93 89 56 69 43 85 33 42
8 63 18 1 11 8 34 74 99 14
94 22 96 9 42 8 2 35 96 71
50 25 25 44 43 74 69 4 41 25
36 63 17 67 34 78 16 17 14 85
90 25 17 24 26 84 91 29 66 40
90 74 74 20 90 51 22 99 3 53
42 87 86 93 47 17 46 45 52 39
21 33 24 50 39 12 21 38 90 89
76 7 78 52 50 59 79 48 26 17
24 73 21 31 9 84 34 71 47 42
75 85 37 97 41 55 20 82 22 74
16 93 49 40 89 43 52 36 81 3
23 45 23 53 77 48 83 22 21 17
2 4 69 42 97 51 96 21 80 77
2 2 85 35 23 82 20 48 35 81
67 48 95 11 58 86 46 42 30 51
9 13 33 14 95 99 36 33 20 10
79 60 196 162
78 343 313 376
78 308 243 196
78 76 313 442
78 251 210 496
58 137 119 174
47 65 110 303
20 200 102 193
70 141 303 320
2 342 82 447
81 35 26 63 73 53 19 78 1 9 52 90 97 54 68 37 14 19 43 84 67 34 72 96 42 9 99 99 51 96
16 32 54 9 47 22 44 63 78 29 81 51 66 45 69 72 88 30 24 100 5 3 76 52 28 16 50 73 63 45
39 35 23 81 34 56 19 8 12 81 65 73 43 47 14 20 2 35 1 54 57 2 13 76 46 44 46 79 8 28
64 36 31 15 66 28 62 89 87 22 7 57 7 76 66 96 79 90 66 12 86 68 76 38 14 72 79 39 17 45
26 75 79 30 46 21 51 70 85 17 4 98 9 97 100 78 34 80 94 90 99 97 61 43 59 95 55 49 51 16
47 81 41 26 52 85 25 44 50 75 89 81 63 40 46 87 81 68 48 57 59 37 39 89 38 25 43 38 91 40
7 25 86 87 69 14 58 50 54 7 96 13 60 79 27 7 14 41 86 16 31 78 28 14 42 63 25 84 75 26
71 57 60 25 94 36 16 64 34 82 48 44 94 43 67 29 63 89 95 25 19 22 75 83 10 91 30 93 35 73
72 43 65 24 52 66 48 22 40 27 6 6 27 53 3 84 58 30 21 24 25 46 62 78 4 72 25 66 53 94
57 19 26 80 65 80 16 19 94 87 100 52 33 40 48 64 87 30 82 14 19 30 82 54 70 77 100 43 56 12
1 95 88 54 19 86 89 52 74 85 59 77 26 39 36 86 80 62 22 60 10 17 69 97 77 94 69 72 3 79
14 34 29 80 83 90 96 21 67 72 66 92 56 54 59 21 35 65 13 21 15 60 35 97 15 43 73 64 38 91
100 67 43 40 60 82 78 65 34 45 19 5 88 27 12 76 25 99 95 51 74 22 64 61 6 13 44 87 91 95
4 6 67 32 80 97 36 29 29 87 87 17 11 30 97 17 60 88 48 40 68 63 69 4 29 96 80 15 48 71
90 76 52 25 28 31 19 65 61 81 37 34 11 14 58 39 4 5 47 35 30 98 97 76 7 21 22 31 93 26
53 10 63 65 1 37 94 39 10 32 39 41 79 49 90 38 18 55 72 63 46 24 92 96 72 10 18 13 62 55
42 30 55 99 45 2 24 45 9 20 74 25 41 94 35 34 78 98 66 91 16 78 62 51 67 42 96 19 100 77
81 89 36 84 36 8 67 11 74 23 12 44 3 32 92 38 99 2 90 76 4 37 30 61 81 56 84 77 43 49
38 18 76 89 46 41 54 87 11 59 73 51 77 70 83 91 89 7 94 78 88 78 83 32 68 15 69 100 56 62
83 100 31 15 68 23 39 56 5 62 93 8 32 89 5 43 89 38 59 20 56 17 35 56 83 62 34 78 40 4
67 28 86 62 72 76 12 94 65 95 45 11 70 48 75 33 1 99 48 58 61 23 95 67 79 2 32 75 61 89
27 10 19 71 64 3 95 86 52 96 46 51 32 2 73 32 37 6 60 72 26 18 56 51 33 90 58 26 40 27
32 29 54 35 90 19 46 58 53 37 94 31 56 54 16 93 47 99 73 39 51 54 94 11 56 57 61 20 57 49
24 96 18 41 85 63 3 1 5 99 3 26 23 78 16 50 92 54 37 78 19 82 65 47 97 75 18 21 95 21
3 39 29 79 25 49 66 50 24 85 44 22 51 17 43 85 70 3 68 60 91 87 14 75 84 56 25 61 63 13
17 40 5 56 100 57 93 56 11 49 11 97 34 61 48 4 87 45 59 41 14 33 54 42 14 4 72 88 33 12
34 65 11 6 69 68 99 10 31 56 69 1 31 47 14 2 29 100 35 77 38 98 16 63 79 19 88 14 38 80
11 25 75 5 49 22 5 3 47 50 44 87 24 71 93 10 89 15 67 7 78 12 13 98 9 12 29 79 42 69
81 93 21 49 97 31 40 72 22 76 78 22 39 17 51 64 78 34 61 96 88 89 39 14 59 71 43 74 5 57
21 87 12 73 68 89 76 31 79 12 71 24 59 64 50 76 90 36 56 77 17 42 39 9 55 83 72 40 51 71
