15 15 30 3
20 17 9
13 12 17
20 5 20
13 20 7
14 8 13
7 15 8
20 20 14
15 19 17
19 17 15
10 8 18
13 12 6
9 12 16
10 12 16
15 12 7
6 7 13
6 5 20
20 13 10
20 7 18
12 13 7
18 20 7
6 8 15
6 5 13
8 10 11
12 13 12
20 17 6
19 10 19
12 20 14
9 20 16
16 11 15
5 6 17
131 276 333 102
131 116 342 222
130 120 150 301
125 241 237 460
15 166 336 310
101 353 299 157
24 297 323 106
89 341 294 428
90 317 219 221
50 137 131 143
22 305 350 238
108 177 285 283
103 369 216 401
74 246 378 243
114 218 131 413
6 57 89 46 40 12 16 88 76 35 88 62 24 23 31
41 39 63 58 3 7 37 71 58 2 99 58 64 15 77
17 34 27 10 52 4 17 92 78 61 23 31 84 40 25
39 34 79 44 67 29 26 8 87 78 96 72 90 16 87
53 71 3 40 50 91 99 9 18 95 53 49 10 48 3
14 77 84 66 3 82 19 38 58 53 24 58 34 42 66
3 87 40 7 79 23 56 52 74 59 95 37 89 15 18
23 72 45 52 86 55 94 35 87 4 2 10 21 33 5
39 46 38 70 70 90 89 52 54 16 48 43 77 17 76
22 57 81 12 80 74 75 77 43 88 61 71 4 14 81
66 40 29 96 20 40 3 48 93 41 82 40 86 79 24
38 68 29 49 80 36 52 47 74 75 14 31 10 10 30
71 61 24 18 92 41 35 6 58 74 48 29 58 9 52
83 2 73 100 90 40 16 31 25 58 95 99 54 45 14
44 72 35 37 2 9 19 23 46 95 32 88 89 23 68
51 41 68 28 100 89 3 10 58 22 68 87 39 96 23
20 18 52 70 70 16 11 9 31 89 48 70 41 26 12
62 39 73 13 47 81 39 29 31 23 63 20 32 25 60
50 4 23 87 68 79 2 85 30 66 19 30 32 5 88
68 29 32 52 5 23 45 6 92 70 88 33 79 11 12
66 50 16 29 29 84 73 47 24 7 69 4 75 24 29
13 7 88 67 27 85 31 41 59 38 75 15 17 20 51
33 89 67 49 21 10 19 37 29 94 43 3 87 86 95
72 36 47 75 49 25 75 9 62 71 87 39 89 8 7
75 99 66 88 89 16 91 14 59 84 31 35 99 51 15
5 2 64 22 99 73 49 38 17 84 17 28 29 47 69
9 87 54 16 30 25 19 13 32 3 98 84 18 56 66
12 71 17 27 60 78 32 72 87 52 13 49 43 9 56
6 38 21 90 85 24 91 22 78 41 19 16 23 27 48
87 80 16 7 52 5 8 79 11 43 69 54 58 16 15
99 35 75 55 49 90 64 73 31 94 27 87 74 93 60
83 65 1 39 69 96 19 15 39 50 96 34 14 79 15
13 100 77 87 100 19 66 36 34 61 54 22 2 51 14
15 62 27 52 74 24 19 69 77 81 93 91 50 100 93
54 82 93 98 73 88 12 28 59 77 23 55 55 22 96
31 74 28 2 42 58 13 71 56 91 92 14 94 4 98
7 68 8 42 58 59 21 57 90 66 56 4 40 62 24
41 73 22 50 21 47 40 77 65 93 10 30 17 80 74
41 10 45 79 41 39 61 76 13 97 58 51 82 42 51
77 28 33 47 60 70 89 43 44 70 79 12 12 84 37
46 65 97 61 90 83 58 13 32 69 26 31 42 40 66
89 26 85 65 91 37 1 91 49 13 48 85 92 97 77
92 13 51 68 97 48 57 27 84 6 92 44 96 35 44
64 6 49 33 65 23 34 48 27 27 77 57 43 59 54
97 73 56 77 40 52 72 9 66 37 81 32 57 81 52
131 95 368 342
131 233 179 238
130 164 331 216
70 270 155 155
31 353 253 480
28 308 218 220
112 97 159 410
80 365 184 327
105 162 149 485
53 298 114 227
24 165 142 268
75 185 302 252
123 211 117 173
87 255 272 452
19 169 295 297
93 46 70 36 89 81 11 53 11 63 66 21 73 39 72 47 77 37 49 15 99 75 59 31 91 18 5 49 61 97
78 1 58 71 17 74 51 96 87 78 40 70 51 89 7 89 79 39 5 26 19 88 98 15 61 64 10 82 41 59
40 44 73 63 4 65 82 96 68 100 9 21 41 18 4 89 21 54 50 78 43 14 68 64 19 5 43 92 21 27
98 73 85 81 74 32 99 56 89 70 35 67 83 74 72 100 19 43 18 42 37 57 47 55 33 93 48 8 45 92
56 1 5 51 22 63 76 1 23 42 20 63 19 87 18 70 62 47 54 84 74 98 21 51 100 76 67 100 4 47
81 1 50 23 46 67 48 36 41 80 78 98 61 92 65 6 91 13 38 59 30 82 8 26 54 96 19 18 81 38
44 76 80 76 20 69 81 89 50 65 52 20 52 72 29 100 92 93 7 80 100 71 73 75 77 36 30 62 50 78
32 65 7 52 56 81 31 72 38 15 95 55 1 48 80 75 79 62 78 21 50 21 98 47 93 58 56 79 89 25
80 12 11 46 60 33 23 66 38 79 83 15 64 80 26 71 44 43 99 3 50 45 88 13 20 75 98 17 44 75
34 73 38 29 81 70 70 94 87 96 23 1 77 1 98 27 5 90 9 14 69 29 89 54 25 66 59 32 78 41
87 99 16 90 78 98 10 74 5 30 88 77 96 45 57 19 9 75 90 65 39 5 77 73 100 72 79 71 73 13
20 86 12 24 19 26 50 23 23 43 7 25 41 24 55 40 1 74 17 26 53 55 87 64 14 24 100 6 39 58
96 24 8 4 61 20 83 6 9 86 55 95 40 100 4 93 23 92 40 89 38 28 38 21 77 62 86 47 74 30
64 11 2 44 10 98 24 87 70 24 74 56 20 29 10 85 55 90 5 36 82 70 46 21 36 89 37 59 78 19
5 69 72 96 82 6 91 25 1 16 40 93 61 42 53 44 8 39 25 73 84 43 45 93 16 95 22 92 89 64
47 6 77 90 46 49 66 98 93 4 71 61 59 76 38 6 36 50 36 62 17 73 20 53 17 23 46 41 97 69
53 92 31 96 75 11 40 81 17 10 4 81 58 23 36 50 73 2 1 19 10 17 23 92 11 28 6 71 33 96
39 71 71 34 13 69 45 27 98 31 72 53 85 32 42 70 10 90 61 74 20 75 53 24 25 59 70 92 92 28
46 90 6 89 36 39 6 82 54 54 34 73 23 19 87 59 26 6 3 35 21 82 56 51 100 91 96 4 12 40
27 37 71 57 70 34 10 24 72 60 28 46 46 4 66 87 51 100 91 14 12 81 74 54 83 80 40 42 33 9
84 58 61 20 46 20 69 87 77 56 48 26 70 3 52 21 80 56 85 37 76 40 90 37 41 73 26 26 24 84
100 49 56 81 47 24 83 49 72 75 54 91 20 62 38 100 60 68 13 70 41 95 71 10 13 89 33 68 10 63
94 58 55 3 65 99 91 46 30 3 3 28 27 32 94 89 47 73 33 49 18 6 79 40 78 82 34 1 73 37
92 62 31 13 50 47 25 16 68 30 40 91 37 51 22 38 89 15 9 74 36 31 1 30 18 10 46 12 78 34
43 73 97 87 66 71 97 12 64 19 67 6 5 78 25 55 46 46 85 58 33 40 46 20 44 75 55 56 37 20
71 70 40 32 94 17 13 42 54 39 23 55 74 80 70 56 98 47 97 9 18 11 56 95 60 6 63 29 57 67
47 68 96 70 32 35 49 24 27 23 100 93 86 21 99 46 12 72 82 52 80 6 82 70 55 47 32 51 89 88
46 72 46 69 1 80 11 23 84 64 7 54 25 52 87 93 49 97 68 97 36 97 78 100 83 47 26 32 11 59
29 84 10 88 91 82 41 18 100 89 78 96 61 70 43 76 62 57 80 9 99 32 98 96 40 100 62 95 88 1
83 75 30 30 10 30 49 89 57 71 26 78 93 52 74 22 70 52 52 54 9 80 82 76 46 48 16 72 93 36
37 51 90 3 97 68 76 25 29 26 68 56 40 38 4 5 68 19 33 52 71 50 63 65 26 4 64 78 67 61
55 88 69 99 64 41 36 9 88 61 49 79 31 24 41 2 68 52 59 16 31 3 26 45 38 7 82 69 84 81
29 42 99 26 97 41 30 8 52 99 40 39 26 2 80 31 17 65 11 80 31 24 20 47 97 27 46 38 30 44
78 77 2 26 5 29 37 21 96 41 33 26 32 70 35 28 87 37 66 54 77 41 21 91 14 31 73 77 89 6
85 10 20 75 88 86 84 84 63 9 78 11 33 62 96 46 4 6 55 36 5 21 32 37 43 14 54 41 59 2
98 53 3 22 50 57 18 90 28 84 89 45 80 73 51 76 42 39 34 44 17 38 41 85 84 20 39 14 75 31
51 13 96 88 67 82 97 89 85 88 59 8 87 71 18 74 49 25 76 25 84 27 4 14 43 100 55 82 58 92
4 77 25 99 4 37 23 34 56 51 58 73 55 74 29 99 35 88 71 16 65 52 87 70 19 12 1 69 91 62
99 10 70 88 49 100 68 49 16 61 12 89 43 33 82 95 93 58 11 76 9 1 9 25 62 41 24 92 22 16
54 63 53 15 37 60 91 94 76 35 28 10 74 92 4 66 31 1 43 21 68 60 82 88 58 5 24 76 46 98
80 32 79 47 71 75 24 61 55 59 24 40 10 8 99 91 2 26 90 75 71 13 75 25 23 75 12 96 8 3
60 46 35 77 7 82 89 96 59 67 88 90 5 39 97 6 21 50 79 94 62 24 57 98 9 12 72 9 68 90
32 45 53 87 25 78 55 29 78 47 30 79 16 35 56 65 86 14 46 36 57 84 77 19 47 99 29 60 76 90
55 98 52 96 34 89 65 32 87 71 48 20 79 80 74 39 76 68 20 59 56 54 96 80 77 17 33 23 10 15
29 76 88 97 85 17 56 13 95 87 11 75 81 35 20 12 29 77 57 9 17 92 86 58 90 5 31 7 31 11
