10 10 30 3
10 5 7
13 10 19
17 18 20
18 13 5
17 10 19
18 19 12
5 19 12
11 13 17
7 19 18
7 11 20
5 20 17
10 18 12
5 16 19
7 11 6
20 14 20
15 20 19
18 8 5
6 18 11
18 18 5
8 18 20
5 10 18
16 19 16
8 9 18
11 13 18
7 8 15
18 13 16
9 11 13
20 11 6
17 13 11
15 17 10
360 272 300 310
196 359 366 386
120 422 324 419
196 341 310 258
222 344 217 415
203 285 346 145
114 229 281 272
304 257 417 246
120 266 326 289
288 292 400 100
68 18 14 89 87 23 78 49 54 6
72 25 94 51 38 61 86 90 99 56
36 77 57 27 64 20 9 39 2 17
38 41 94 40 52 62 21 36 15 61
40 17 25 2 18 65 59 71 27 60
20 31 84 54 83 93 85 51 76 52
69 33 33 5 38 88 30 9 28 49
67 94 27 49 85 4 49 57 21 64
73 70 76 64 33 51 88 34 5 49
47 46 1 61 60 69 83 31 81 66
81 5 23 60 53 36 53 9 96 52
12 36 23 64 100 83 19 79 20 35
83 8 30 46 10 97 32 39 28 82
74 93 94 86 33 44 89 95 27 42
50 67 29 55 58 17 12 85 68 25
38 5 96 56 54 82 25 30 98 15
80 78 71 3 96 3 49 42 16 60
43 76 62 82 25 85 56 66 48 71
60 26 70 99 44 22 62 70 96 24
100 100 16 39 75 90 46 76 69 49
86 84 25 12 91 15 76 74 100 3
69 83 73 31 24 96 50 58 73 44
42 11 17 53 20 25 12 72 63 10
58 69 79 74 56 73 22 47 43 82
58 72 23 69 66 41 2 33 9 70
90 54 80 89 10 62 28 30 100 55
29 65 17 56 74 9 58 53 62 64
37 9 63 87 91 15 88 97 91 38
92 41 31 40 19 57 95 34 81 78
59 25 9 57 80 28 78 78 88 14
360 219 283 208
356 221 366 160
37 352 394 347
282 404 242 249
337 358 376 108
175 335 410 450
10 409 278 302
211 279 320 240
17 266 274 283
269 375 374 345
79 5 56 92 31 87 29 75 68 90 81 12 20 64 64 28 85 10 63 14 99 47 73 85 76 79 40 83 65 20
67 25 38 82 70 77 88 10 35 25 18 38 16 79 15 50 12 67 49 49 73 14 24 65 43 80 38 37 64 76
4 33 28 29 30 38 43 100 29 21 82 77 6 31 33 98 15 47 63 11 74 10 71 18 31 83 9 19 57 89
44 23 20 19 5 59 98 25 39 57 31 11 25 87 56 16 3 68 21 60 91 17 90 1 43 71 59 14 12 59
36 81 49 47 21 37 91 51 91 55 91 17 75 59 39 49 59 66 11 40 21 50 23 39 16 43 70 20 64 94
29 27 41 4 12 12 61 56 85 15 42 84 85 8 52 69 6 80 6 9 22 4 70 52 60 100 38 21 96 89
97 97 49 25 5 62 57 19 59 15 60 10 81 96 17 10 56 39 36 57 89 87 30 38 79 94 66 76 64 55
44 80 36 57 52 91 30 43 37 26 30 21 95 67 6 52 90 48 25 32 99 33 55 56 24 100 16 99 89 67
46 60 40 43 44 12 54 87 65 10 84 78 58 52 96 55 79 73 49 8 79 50 46 16 34 87 44 43 70 1
18 47 40 52 1 84 30 20 76 80 50 53 77 71 55 63 11 3 38 6 45 100 94 12 43 98 68 76 58 8
64 18 60 12 91 91 21 89 39 77 44 19 9 91 91 98 69 67 58 1 71 3 20 85 79 67 44 8 51 98
26 58 37 83 58 64 39 29 94 86 79 69 18 49 78 7 62 79 32 86 35 37 64 77 40 73 14 25 30 98
78 61 2 9 49 51 71 81 83 48 94 80 22 23 76 55 67 6 3 25 38 59 56 63 11 84 99 39 25 87
82 5 85 80 36 54 55 39 30 26 62 32 97 59 90 53 67 19 88 49 33 14 59 34 2 54 47 33 63 5
92 47 28 37 64 30 76 90 36 42 14 60 37 80 52 32 31 77 71 90 68 23 54 16 23 12 47 50 96 100
23 12 73 55 74 63 4 12 92 44 59 51 34 24 76 8 35 69 49 46 70 13 24 76 91 1 95 11 72 31
57 52 10 65 59 20 85 69 13 88 61 47 5 27 25 93 10 48 15 19 3 54 95 30 51 28 44 97 31 20
33 48 97 30 27 84 36 60 100 74 66 32 16 84 19 31 90 93 52 93 80 62 4 99 28 62 3 15 7 18
78 53 3 64 92 47 63 57 12 97 92 72 65 24 78 33 50 94 48 40 81 97 44 10 73 51 21 40 60 2
58 47 35 77 61 41 95 71 80 11 42 68 91 75 26 29 52 31 78 95 69 25 57 33 25 49 20 48 12 13
41 28 95 5 35 95 17 50 99 53 74 66 90 33 21 45 66 28 60 22 89 75 91 23 38 88 82 55 84 14
81 41 26 73 80 67 54 80 67 70 6 32 96 26 69 98 85 21 82 73 13 72 42 15 98 77 52 63 2 17
61 75 70 43 41 22 22 47 19 53 8 22 100 71 72 53 51 48 68 87 4 85 24 62 22 7 10 93 9 27
18 27 71 48 83 16 74 85 27 34 26 22 11 42 38 75 3 52 18 82 87 58 86 16 61 40 44 70 74 36
46 34 36 67 82 48 27 80 57 23 82 53 62 56 12 17 92 27 18 42 89 64 14 70 41 68 55 85 68 85
91 95 74 67 1 89 34 73 37 35 60 19 70 15 33 92 40 72 94 22 75 3 24 96 27 92 65 66 94 25
26 51 9 66 7 49 80 69 8 81 92 49 56 28 57 58 68 6 23 89 35 98 41 48 90 31 80 10 6 20
27 82 82 87 82 81 33 20 74 65 68 23 23 33 69 93 100 75 81 67 32 34 47 75 87 90 99 1 43 57
88 35 84 28 73 89 68 32 63 42 66 45 83 1 5 2 85 72 45 24 20 34 17 97 80 9 56 69 38 92
25 34 47 76 66 8 63 30 59 40 24 2 28 12 72 3 91 38 11 37 52 17 26 48 88 84 41 94 44 16
