10 10 30 3
11 7 5
13 17 16
20 11 14
16 18 20
13 7 18
17 5 13
14 20 7
14 20 20
17 14 11
16 8 13
19 20 13
15 9 14
10 18 5
13 8 12
18 10 14
16 8 18
14 19 6
12 19 20
7 19 14
9 14 16
19 11 8
13 16 5
6 6 8
8 20 9
15 19 17
12 18 5
8 9 12
9 8 12
12 5 9
8 8 20
393 362 262 421
76 317 371 187
156 294 193 339
335 388 274 412
284 356 256 131
86 297 241 334
44 210 248 182
365 292 337 205
42 304 275 311
75 286 365 407
96 42 42 77 22 33 52 44 33 19
66 49 11 6 85 42 60 48 39 93
35 81 57 75 89 46 18 22 10 33
8 5 69 15 18 39 16 99 65 38
68 79 96 63 54 33 90 57 45 35
22 86 7 97 43 18 61 66 80 45
45 85 84 90 61 27 49 56 23 57
42 10 44 66 28 24 83 98 71 94
79 51 33 73 56 17 30 27 82 48
47 17 44 26 92 28 6 9 51 78
20 88 59 12 89 70 82 70 94 76
59 93 27 16 62 71 22 89 72 100
75 70 90 64 33 35 12 17 21 51
93 15 7 11 55 78 69 47 34 82
89 93 35 50 82 29 94 19 33 42
10 83 47 86 94 23 67 41 31 9
75 95 84 23 68 90 76 90 9 4
3 44 21 36 33 99 76 32 31 26
41 3 81 83 53 90 53 48 50 5
12 98 82 23 64 35 54 19 42 24
19 50 3 87 12 18 35 90 72 22
11 80 46 6 54 26 61 10 50 93
78 31 48 57 41 64 56 29 27 39
11 51 79 68 86 81 88 39 39 77
41 38 92 41 100 87 2 62 9 12
29 9 67 73 17 50 55 44 13 65
6 56 16 90 6 40 58 59 81 48
24 52 87 40 64 87 27 80 51 15
57 24 32 32 63 16 37 2 63 47
34 29 21 55 98 14 96 39 19 29
393 390 348 485
120 200 272 340
158 381 255 416
328 281 224 241
52 343 322 308
358 238 198 206
207 205 329 293
212 277 231 112
50 289 282 397
328 268 273 111
90 77 45 38 17 90 41 82 44 75 76 73 29 50 4 55 29 93 72 51 60 1 89 53 55 77 2 69 75 18
37 52 98 22 10 82 47 86 17 85 70 100 49 36 11 67 19 3 3 92 26 2 63 89 82 40 48 27 75 60
37 78 83 47 33 60 72 69 44 96 12 7 73 50 23 27 4 70 25 2 62 93 5 48 79 79 16 35 80 24
81 22 36 18 29 4 99 37 100 57 88 40 26 9 72 14 51 34 24 23 55 36 12 6 81 15 79 93 56 11
57 56 78 85 8 60 2 48 59 56 71 78 34 63 19 76 40 9 10 54 6 29 33 45 44 12 8 11 28 69
75 68 15 16 32 35 41 47 40 35 25 91 59 94 89 73 6 71 56 23 82 6 12 3 12 15 59 75 65 34
67 95 71 93 58 70 75 80 20 97 16 6 54 55 47 79 33 86 37 64 45 88 55 47 45 40 23 26 85 76
29 22 31 81 12 58 58 99 35 1 13 61 36 25 21 73 61 70 27 5 1 95 37 7 65 32 41 78 69 60
48 24 43 100 25 82 30 35 67 63 1 67 74 65 53 68 45 67 44 22 60 6 27 8 29 33 69 98 84 91
98 42 65 4 45 24 66 42 16 72 93 60 28 57 79 36 57 63 20 37 19 59 30 33 34 12 52 46 90 44
76 61 42 96 43 57 71 50 12 73 83 37 99 7 91 99 10 10 91 66 86 62 8 55 94 7 16 40 17 8
29 38 57 80 56 93 86 44 17 95 48 49 27 92 84 21 53 74 30 84 82 47 66 63 65 93 20 100 37 97
18 20 44 87 51 1 81 56 46 54 100 4 93 2 12 40 58 23 97 6 66 89 88 82 6 98 94 72 46 13
36 39 23 21 61 88 18 10 88 59 56 3 32 52 64 88 31 28 19 87 44 12 6 30 97 84 45 50 45 2
66 92 58 63 35 87 23 76 23 17 16 77 94 60 97 92 28 85 32 49 22 2 58 39 16 46 52 13 33 55
66 98 59 25 9 95 59 54 84 33 95 97 100 43 34 15 97 52 23 91 34 69 37 61 99 52 13 76 63 23
45 47 77 100 64 87 57 12 3 11 40 11 42 85 18 59 47 91 52 29 28 5 3 74 98 97 24 3 77 71
44 75 82 8 85 50 27 51 76 67 100 54 21 67 18 27 29 48 98 76 14 1 100 56 95 41 36 77 55 12
31 37 32 50 39 17 84 9 71 91 65 29 38 60 46 72 99 15 32 52 27 3 24 100 41 72 6 87 7 2
67 54 54 97 17 7 5 95 68 9 40 5 95 68 56 15 4 44 73 51 90 87 20 53 7 57 74 95 27 45
60 78 37 11 96 53 46 1 27 33 59 8 58 78 98 73 89 58 24 45 97 82 96 26 60 88 7 28 18 1
47 97 83 94 58 80 29 79 60 25 59 75 76 44 89 46 28 57 21 64 60 88 82 77 38 25 20 11 72 19
61 70 9 93 85 5 11 71 94 87 61 16 8 29 99 45 81 92 69 1 80 9 84 78 90 95 98 29 99 35
91 79 31 47 6 37 100 65 15 58 91 71 1 38 83 43 53 37 52 81 70 79 19 83 59 13 77 74 22 43
63 20 26 78 9 28 10 31 21 22 33 39 73 15 70 79 70 76 42 40 6 50 96 83 62 45 30 45 49 66
33 2 1 96 32 73 56 73 93 78 35 18 42 64 49 58 98 52 32 94 19 66 75 51 17 36 19 83 71 9
38 44 41 51 39 51 93 93 97 16 43 17 69 4 46 78 21 38 70 47 50 31 84 45 33 72 64 30 69 46
1 77 51 100 4 78 97 81 77 61 20 42 24 8 79 26 42 10 10 73 2 59 96 62 49 96 53 31 50 15
75 33 51 94 98 8 93 29 32 38 5 80 27 37 36 96 49 87 67 58 16 71 93 100 94 86 99 15 20 45
27 11 74 19 98 59 93 6 21 56 83 23 1 24 43 91 65 41 33 99 68 92 60 73 65 59 70 94 32 22
