10 10 30 3
6 16 20
9 20 18
11 16 17
18 13 17
5 14 17
9 10 18
8 14 7
20 9 18
17 9 15
12 12 6
6 7 12
20 17 18
16 14 14
12 15 10
8 16 19
10 17 5
19 15 7
17 5 19
20 16 12
10 16 5
13 5 16
11 5 18
14 19 6
16 6 9
7 12 12
7 12 13
17 7 7
11 6 14
7 13 9
18 14 16
54 118 270 238
54 264 58 457
53 249 365 425
53 329 186 317
53 274 161 481
53 72 336 330
53 177 234 208
45 323 211 480
29 141 378 252
22 55 277 420
72 66 31 93 23 58 78 2 11 80
69 45 86 81 100 69 24 55 74 33
27 32 78 83 18 33 35 24 34 97
29 100 37 11 85 13 65 29 58 65
50 56 78 42 6 59 74 5 94 12
57 76 75 73 7 30 49 6 60 44
40 12 80 30 84 35 13 85 4 7
95 33 94 71 5 85 46 20 18 28
61 54 85 21 76 49 48 24 93 44
91 31 81 87 52 88 49 82 32 28
84 38 9 73 45 94 95 25 52 75
83 62 74 34 83 31 71 98 59 100
18 48 69 38 78 73 91 13 85 96
71 100 86 93 10 1 28 6 8 38
49 97 92 54 79 22 98 99 33 34
13 26 84 18 13 86 40 11 17 18
54 10 43 13 73 18 18 89 53 1
73 15 70 100 60 22 33 38 27 5
40 17 35 68 14 61 33 59 6 41
32 80 3 22 66 31 85 12 53 81
15 35 25 33 22 65 54 66 67 64
72 91 22 13 93 70 78 57 95 85
87 79 55 1 20 31 58 59 52 86
81 15 7 61 42 49 87 47 99 35
50 3 67 22 65 21 93 41 97 59
63 67 51 71 82 25 22 52 43 100
65 88 97 40 8 2 86 31 61 52
28 67 46 38 49 30 32 27 26 9
84 81 38 49 23 84 9 3 75 57
1 96 40 13 42 15 36 36 93 46
54 101 340 246
54 148 237 250
53 226 81 278
53 134 203 323
53 341 142 353
53 168 221 487
53 342 199 406
6 63 253 474
33 250 216 208
17 145 249 497
35 67 85 88 23 83 35 39 19 86 87 65 78 90 92 55 77 11 40 60 3 23 41 50 100 35 88 9 70 29
95 15 36 89 43 88 9 95 36 74 50 54 95 23 4 19 53 2 83 13 99 69 72 41 33 13 35 4 33 53
71 33 67 60 61 21 26 92 26 11 37 96 16 55 91 94 42 99 21 7 87 44 10 55 36 11 70 2 52 80
73 46 93 29 42 83 37 23 51 22 78 35 100 38 99 8 15 72 21 36 10 13 48 85 20 18 78 85 20 36
47 61 59 56 6 33 35 37 19 99 20 54 78 93 84 65 70 34 67 69 3 41 54 89 28 81 6 14 35 2
23 64 82 11 17 65 79 30 87 21 57 67 93 92 96 81 67 81 30 26 39 28 80 76 53 42 32 25 46 60
42 60 5 53 31 48 16 40 15 1 80 1 27 33 60 25 6 88 48 49 29 39 75 13 58 34 40 12 64 3
58 78 17 78 18 97 78 41 27 94 14 52 94 85 29 18 68 19 18 42 78 70 34 65 52 60 97 70 69 12
94 5 98 67 98 29 67 48 66 12 52 1 79 76 56 36 93 92 76 77 24 35 76 98 27 4 22 28 99 55
38 9 84 61 81 63 98 1 61 16 53 97 65 53 16 3 55 31 30 79 98 38 55 95 8 40 11 22 88 25
67 99 86 73 14 65 10 45 53 49 1 7 90 15 32 32 37 84 13 18 73 31 46 86 60 36 25 10 45 52
10 6 17 6 76 81 43 88 64 26 48 78 96 40 26 5 57 43 85 29 85 51 68 79 43 76 29 16 42 87
27 95 69 58 73 89 63 10 20 22 73 40 85 55 52 39 72 29 94 48 77 46 1 12 37 23 26 13 38 32
87 43 7 12 90 72 46 87 82 4 43 66 33 92 80 22 87 36 58 46 93 14 42 77 82 9 57 27 20 19
2 59 33 98 70 46 90 33 46 40 40 15 98 67 96 66 33 19 48 84 60 19 5 20 11 50 14 77 85 35
34 6 23 93 49 68 34 11 31 92 48 96 18 71 6 98 20 41 39 67 5 69 67 75 69 9 62 31 16 24
36 24 6 58 79 64 10 58 42 42 48 12 43 59 24 76 59 91 85 4 80 87 98 76 22 10 31 96 43 97
90 52 63 30 11 6 64 28 30 17 2 44 93 44 51 50 46 91 88 4 88 35 47 51 71 20 56 23 6 3
9 89 95 87 80 72 73 45 16 36 34 13 72 40 71 45 86 73 72 16 55 88 87 13 72 52 15 88 57 2
73 41 7 31 85 31 38 53 66 84 88 57 80 73 74 76 38 35 82 89 84 44 77 65 75 36 73 36 50 63
86 15 17 84 9 70 46 42 27 27 72 16 11 59 98 19 9 92 50 42 59 70 80 40 91 3 56 10 79 80
88 25 7 68 38 49 89 30 73 63 50 72 31 90 51 51 91 41 89 90 61 32 28 61 54 35 44 28 66 4
79 65 4 77 50 80 79 44 24 27 84 52 7 6 22 71 39 36 84 76 67 13 63 1 41 35 45 95 94 82
54 43 42 22 27 76 35 13 61 11 32 67 52 81 88 91 59 4 81 55 8 53 11 24 58 100 37 43 98 53
85 49 53 75 95 13 84 92 27 45 46 5 44 68 2 33 32 84 54 82 22 29 50 45 62 98 97 31 13 17
80 36 73 49 42 67 6 72 43 74 41 12 67 91 28 41 2 9 32 75 15 10 16 20 92 28 79 100 82 30
14 48 29 29 11 100 69 34 68 4 94 9 45 55 98 63 81 94 50 61 11 62 38 99 87 2 41 58 30 1
37 80 82 64 79 46 1 70 84 17 19 100 10 25 80 85 18 24 97 95 52 56 7 54 57 28 83 58 43 20
70 80 56 90 78 41 53 50 16 45 82 95 80 97 95 4 93 36 87 19 3 25 71 33 87 32 86 80 83 69
30 45 40 3 42 48 32 61 66 64 88 96 5 6 88 60 77 27 92 89 97 11 76 94 27 90 24 49 54 45
