10 10 30 3
12 18 8
11 16 14
10 13 5
8 12 11
12 13 6
12 18 8
17 19 20
10 14 7
6 6 19
14 11 7
10 12 10
10 6 19
16 5 8
16 18 6
12 17 9
19 11 8
17 20 9
16 19 18
19 6 13
19 18 14
8 8 19
19 14 19
15 10 16
10 15 13
17 5 12
18 10 7
7 16 5
19 8 5
9 10 17
15 13 6
402 250 245 290
35 303 245 450
164 240 222 282
259 222 289 415
150 243 248 315
74 221 252 105
46 369 279 219
222 364 191 147
154 295 283 332
155 362 227 411
90 3 89 93 35 91 96 27 86 35
28 24 88 65 93 7 44 84 31 35
90 89 30 8 78 13 25 26 12 69
52 4 64 79 45 2 91 50 5 85
4 57 4 93 59 9 6 97 56 91
84 33 36 94 81 93 51 100 91 39
1 6 98 83 77 5 40 25 65 47
35 38 3 83 93 22 35 33 7 93
67 47 68 64 79 87 67 69 22 86
21 21 2 91 65 50 65 49 44 22
91 46 24 47 45 78 81 65 57 88
49 10 12 49 90 86 74 60 39 57
71 54 2 63 10 11 62 42 34 63
85 5 52 34 52 19 74 88 26 16
60 71 67 18 9 13 1 50 85 30
35 81 18 40 70 24 90 80 79 96
16 45 54 9 97 42 95 94 48 70
28 21 33 84 63 84 35 57 80 60
97 80 20 48 73 79 4 36 29 76
85 52 8 69 77 56 62 78 82 11
46 61 84 13 8 51 42 22 14 84
33 8 40 35 19 52 27 98 83 65
1 65 68 17 99 83 57 93 79 1
71 63 94 40 53 87 16 57 6 50
63 58 90 98 95 20 6 5 9 59
90 89 56 40 86 72 36 62 6 1
51 97 88 46 20 70 90 45 3 97
50 83 87 53 86 72 1 43 72 29
41 89 64 50 11 94 9 39 78 38
3 35 14 89 68 40 58 23 47 30
402 191 277 201
101 331 287 390
153 310 172 460
135 299 239 244
215 209 338 114
321 333 185 181
392 318 205 339
236 253 330 189
398 343 228 437
196 348 211 401
30 19 55 53 69 26 15 83 17 100 14 55 22 55 34 47 30 32 11 65 15 96 19 66 75 76 49 33 84 27
49 51 86 76 98 7 88 8 18 18 89 18 50 50 12 45 22 87 65 92 69 14 84 59 4 42 49 34 19 54
52 81 98 11 42 13 46 14 64 19 69 42 90 59 83 27 10 81 26 74 86 77 92 10 89 61 74 23 3 34
2 84 87 56 4 90 55 92 27 77 28 31 82 36 35 53 21 5 31 23 91 15 94 78 47 1 98 45 19 9
32 84 21 59 24 77 19 18 44 9 29 45 12 82 28 50 14 4 57 26 43 27 51 19 91 32 58 88 23 26
98 11 33 13 57 92 29 38 66 75 10 23 11 20 41 30 86 90 41 34 70 50 9 15 43 50 14 81 48 73
70 86 42 43 71 64 18 11 88 97 47 96 63 54 10 30 66 62 86 42 30 11 93 69 56 90 39 81 41 49
70 67 93 25 33 83 2 31 79 28 95 27 66 9 86 40 20 38 62 23 64 87 30 10 2 29 73 6 94 2
94 86 55 31 95 14 26 22 84 5 86 26 6 23 75 79 73 12 17 98 86 66 13 60 74 93 54 93 69 5
76 71 81 59 78 37 57 41 14 23 96 52 55 57 60 21 16 61 44 26 1 7 1 45 79 31 48 3 35 73
68 61 68 47 58 85 32 93 93 64 65 34 3 98 93 75 26 66 59 9 17 57 65 97 78 5 25 89 69 24
56 28 81 38 93 36 31 11 24 97 32 79 60 30 7 70 44 16 86 18 90 61 85 48 50 56 21 12 61 59
71 28 57 79 97 63 97 98 73 2 41 68 100 97 85 63 98 19 31 83 7 12 58 72 1 42 27 93 83 63
38 95 84 63 59 56 50 6 34 41 5 23 41 91 21 2 67 61 30 20 26 21 19 91 45 85 25 27 5 9
78 25 16 95 40 67 55 28 67 21 43 11 38 91 68 14 58 26 27 45 19 13 66 83 46 67 87 21 12 17
90 33 35 87 55 75 33 59 79 61 20 69 80 23 85 44 3 35 97 22 92 58 15 71 57 42 2 50 86 40
30 62 21 10 5 21 100 13 85 83 9 40 75 84 37 5 51 13 78 86 56 71 90 10 86 70 55 77 33 25
93 88 91 15 47 13 51 77 76 39 27 39 27 87 46 32 92 36 52 62 92 14 66 92 3 58 37 47 100 73
46 81 97 100 26 37 42 83 50 65 31 17 88 7 76 34 67 7 63 57 78 63 68 57 24 82 49 64 29 22
7 40 10 29 25 1 94 45 55 23 29 33 83 38 62 7 96 89 75 26 29 37 12 10 89 61 58 61 69 80
34 79 23 9 79 77 61 26 64 54 28 95 76 95 95 65 69 52 21 85 58 74 47 5 4 94 92 72 39 95
40 23 98 10 97 96 40 17 64 51 89 80 60 41 56 47 79 87 47 70 70 30 32 47 28 1 77 47 47 7
89 15 14 34 69 49 41 77 37 49 9 27 69 65 78 53 10 16 70 37 47 67 13 75 6 73 26 55 97 27
80 97 4 77 21 36 3 38 95 81 53 79 37 5 54 54 97 100 45 62 65 36 70 75 71 94 12 6 21 2
22 45 15 49 71 11 44 10 88 75 93 38 77 12 55 52 12 63 46 93 3 96 52 67 77 21 72 76 76 75
93 2 46 94 61 60 30 22 91 61 46 23 90 72 79 35 59 79 35 37 71 11 58 61 83 88 45 98 9 93
36 21 13 18 31 34 75 99 30 70 71 49 72 30 85 77 82 89 56 24 37 5 81 93 20 82 87 51 33 90
69 45 78 36 86 18 8 14 76 9 95 22 68 51 70 34 100 91 17 96 58 34 18 22 54 26 20 39 22 10
28 38 25 1 23 64 2 38 53 56 27 74 77 62 41 3 63 24 67 80 23 95 44 84 1 56 92 79 48 70
59 22 21 39 100 75 63 15 30 56 8 22 26 71 75 30 32 22 63 29 95 11 46 55 75 76 87 80 31 70
