10 10 30 3
10 15 12
11 20 5
20 5 11
18 13 6
20 10 6
13 20 19
5 10 7
16 17 14
7 16 10
13 7 5
16 9 15
16 20 17
8 12 8
11 20 7
16 5 13
9 7 11
16 8 11
17 10 10
10 7 6
15 5 17
6 5 19
19 9 19
14 15 18
6 6 9
10 9 15
13 9 11
10 14 9
14 13 10
12 13 11
13 16 8
77 273 257 127
77 215 251 280
77 233 296 119
76 86 325 407
76 276 172 291
44 280 244 116
40 65 162 135
25 222 66 190
51 181 207 315
5 342 168 255
63 59 91 72 74 23 8 5 5 40
31 70 51 96 33 32 3 94 5 67
44 44 68 40 57 50 28 78 93 36
13 73 23 91 90 76 30 20 76 53
38 56 10 13 67 53 83 2 59 67
96 46 8 41 17 22 71 24 50 31
79 72 38 75 38 4 76 64 74 66
99 92 76 22 80 100 95 3 12 84
96 30 54 40 57 9 86 10 58 87
12 41 43 91 94 91 92 85 85 23
78 77 21 92 51 47 61 91 71 8
3 9 41 35 86 80 80 72 22 3
74 93 83 29 70 39 35 24 18 67
17 6 58 51 99 82 52 99 23 38
50 20 88 12 18 72 66 21 96 81
9 27 9 57 58 5 63 38 96 89
65 95 27 79 50 13 6 100 28 6
83 91 51 20 82 33 33 29 78 3
73 78 29 79 58 64 38 18 82 75
71 38 33 21 72 88 69 74 8 77
75 18 2 6 69 4 40 19 26 92
41 14 68 75 57 72 69 57 49 41
74 2 59 52 96 90 34 76 86 2
60 23 99 49 56 43 34 50 94 4
22 11 59 59 39 34 13 10 19 7
75 6 80 21 64 26 70 30 11 35
48 77 20 73 27 49 80 81 85 31
64 66 72 27 54 49 3 20 64 68
73 86 13 11 98 52 72 59 57 63
62 41 92 24 73 5 8 56 58 34
77 197 126 300
77 194 317 251
77 109 298 365
76 99 159 456
76 320 243 245
10 153 263 457
26 68 129 187
63 124 126 386
26 217 125 477
46 175 119 386
29 71 12 86 9 77 49 100 59 33 71 58 10 25 30 80 15 57 35 16 44 7 72 99 69 88 93 95 49 27
96 58 47 96 26 46 82 78 72 62 53 49 87 73 94 35 91 77 56 39 26 94 49 68 14 15 23 3 30 8
20 66 45 64 51 78 67 65 85 32 44 30 51 6 56 30 34 85 72 88 71 84 76 19 15 85 55 63 28 50
45 26 74 59 1 99 66 70 29 92 87 23 16 2 72 61 37 5 39 46 6 11 67 60 21 9 35 70 59 7
52 52 89 99 22 70 64 79 15 59 70 20 60 6 79 96 82 16 83 40 78 72 21 45 95 92 15 34 46 7
88 57 23 67 61 73 22 93 22 7 78 53 22 74 45 73 23 35 61 93 36 39 44 38 9 69 98 68 27 64
6 13 77 78 49 63 47 7 95 75 5 89 67 43 35 18 32 57 69 59 78 18 71 35 37 71 79 18 47 71
49 63 67 54 11 15 35 26 35 81 90 47 22 61 42 36 59 70 14 19 9 90 47 60 53 92 92 70 53 85
8 22 66 71 68 8 62 17 52 44 25 49 7 66 87 33 26 70 47 14 69 55 12 45 67 86 29 78 49 49
57 67 9 28 85 12 61 23 32 51 45 29 52 20 93 80 40 3 71 42 55 34 66 2 68 100 98 3 71 19
66 73 61 92 13 87 59 89 90 57 63 73 100 15 86 13 14 1 25 3 75 26 86 45 65 59 45 38 67 22
83 72 79 62 15 60 21 68 77 16 41 39 49 92 76 73 63 13 31 11 83 62 13 27 52 71 58 14 51 35
14 67 90 46 27 54 63 91 90 80 93 18 11 11 50 70 23 34 87 48 94 6 24 21 92 30 45 63 74 100
29 87 57 70 9 72 18 50 96 38 21 100 25 20 80 12 44 20 82 17 69 38 15 40 65 59 22 87 98 56
55 80 63 48 69 92 50 28 27 40 3 58 90 32 6 4 99 64 76 83 78 91 33 96 92 96 7 73 80 82
85 76 28 46 18 1 1 90 66 48 23 100 79 34 46 64 32 37 27 54 54 93 8 80 19 70 36 34 84 38
8 40 90 4 51 38 49 31 16 37 100 37 46 82 22 77 56 41 19 15 96 65 32 1 5 71 73 32 33 74
48 25 66 52 35 9 69 80 32 20 12 12 17 32 14 21 100 59 37 17 34 29 10 18 81 45 43 16 57 43
48 54 62 49 44 7 96 15 43 9 39 54 75 54 77 85 99 12 53 63 96 68 73 23 49 90 42 2 27 88
36 94 99 28 11 94 66 65 41 2 2 23 17 18 34 46 67 83 94 45 3 57 5 70 84 58 17 99 69 98
5 87 58 70 83 53 96 94 69 52 94 34 73 23 81 55 85 89 71 53 62 33 72 26 45 77 3 36 53 6
93 10 39 75 87 59 50 42 19 62 4 21 62 87 88 33 16 47 58 72 25 68 11 58 99 16 15 26 39 44
92 33 3 81 94 58 21 73 94 88 31 99 30 7 35 12 22 72 3 88 31 54 55 8 47 46 60 63 8 71
50 29 77 91 35 3 93 71 16 91 2 53 31 84 75 81 73 17 23 67 97 28 89 81 28 88 50 41 60 49
48 67 9 35 61 37 83 30 96 12 4 79 55 25 22 94 3 50 76 77 7 75 30 2 25 39 60 20 6 90
8 99 35 57 37 21 5 47 49 8 80 71 2 26 11 99 34 11 71 60 98 70 81 61 67 47 66 49 78 43
58 41 56 98 60 76 78 8 96 79 2 99 68 8 53 78 75 96 80 49 92 8 79 32 41 16 18 43 34 16
79 68 28 54 81 71 47 55 99 86 56 70 35 61 86 80 76 77 10 28 92 84 2 9 61 57 77 13 91 22
62 80 63 43 74 38 77 84 44 93 32 65 16 40 34 19 3 47 70 39 31 13 94 98 52 20 92 2 52 11
86 25 23 97 95 83 27 18 20 17 29 15 48 91 67 99 59 95 4 26 50 41 80 24 33 9 43 56 33 84
