20 20 30 3
15 20 17
14 6 5
13 12 8
14 20 10
9 18 15
12 9 13
11 11 9
20 18 15
5 19 7
6 20 17
10 16 13
20 16 15
12 14 15
5 7 16
11 17 9
9 17 15
11 14 13
14 14 16
20 5 11
15 11 5
12 12 18
17 15 11
7 6 18
15 15 16
18 13 17
8 9 18
8 17 14
13 17 6
13 7 9
15 8 20
124 301 286 351
124 144 270 143
123 292 330 495
62 376 367 338
49 280 139 210
101 213 182 106
80 379 296 331
119 311 199 231
114 273 125 430
17 300 255 127
10 160 264 351
104 157 208 134
14 369 339 194
119 123 128 111
104 104 260 491
10 388 129 140
41 384 267 298
67 257 165 335
82 377 277 363
99 279 167 446
14 45 20 43 98 98 94 21 25 26 79 48 40 8 82 47 21 18 80 40
75 13 16 96 39 37 29 43 94 39 26 34 20 25 93 96 26 63 43 86
12 60 82 71 73 17 16 30 14 12 29 52 61 28 36 3 92 15 93 65
77 26 49 33 50 10 32 47 73 27 83 53 45 57 1 56 28 55 64 75
31 22 47 30 90 61 92 20 95 14 91 65 7 8 85 26 65 93 55 9
82 70 66 12 37 66 59 5 11 51 84 10 93 71 48 38 78 67 89 3
23 60 91 28 84 11 86 77 13 24 11 20 25 81 88 26 32 71 85 82
6 26 18 43 53 10 83 38 61 12 78 82 89 8 53 11 52 90 69 43
39 5 53 44 42 73 68 5 52 26 17 65 95 7 59 62 27 32 50 3
48 45 86 52 54 46 7 44 94 13 73 28 85 55 37 2 87 30 66 1
80 2 60 81 97 48 80 39 76 63 61 89 88 58 28 42 42 38 13 76
45 88 85 25 92 67 21 14 85 36 36 76 1 91 24 56 90 18 24 97
36 52 73 69 55 16 61 38 6 25 43 80 57 1 33 34 39 26 80 98
82 8 31 75 23 45 77 96 76 8 98 97 3 19 28 89 26 75 11 17
16 36 54 97 93 65 88 72 90 89 100 50 26 94 12 41 46 95 11 12
69 62 61 38 89 76 8 9 79 67 57 92 66 19 100 53 96 88 38 37
10 28 71 52 17 51 47 25 29 27 97 33 30 63 87 72 62 78 90 89
16 23 71 39 92 79 50 93 42 20 78 1 96 30 67 85 24 7 69 48
23 35 46 58 27 51 57 61 72 78 39 48 94 24 21 47 22 73 84 36
29 8 48 91 56 46 51 91 69 1 44 92 38 39 14 86 32 82 38 96
53 94 7 18 42 9 2 64 72 61 78 47 69 79 93 9 96 52 70 90
42 98 78 72 99 74 66 100 99 42 26 88 40 38 5 76 33 87 24 49
44 2 17 71 23 58 63 24 37 40 67 67 87 21 27 46 80 65 77 30
86 43 83 35 7 71 92 1 41 78 99 35 70 64 26 87 30 66 17 57
80 66 52 87 26 21 79 92 8 35 7 38 61 16 20 52 99 59 92 99
97 39 20 48 28 42 79 27 68 35 61 5 51 53 55 28 63 86 71 26
90 66 78 45 17 96 75 63 47 44 30 11 67 61 64 89 92 84 92 25
50 29 75 76 82 53 57 97 51 100 88 6 49 78 48 45 87 51 2 2
29 7 22 22 89 18 74 64 3 38 83 61 78 40 34 86 30 68 94 37
25 93 96 95 71 39 69 45 53 21 36 75 10 70 11 6 39 22 94 95
48 93 25 92 72 96 75 50 5 57 1 40 59 44 2 60 70 7 96 52
65 56 85 7 87 87 92 83 64 56 3 51 13 11 87 83 69 44 72 36
3 86 66 45 58 44 36 94 28 92 99 53 53 84 61 4 47 25 49 8
72 11 73 62 9 95 41 32 21 23 47 18 73 83 97 81 38 88 83 23
86 71 86 88 90 23 29 16 73 2 81 92 18 80 20 84 36 4 49 66
77 37 67 14 11 84 87 87 20 52 100 18 38 34 73 53 95 2 16 56
53 26 2 51 10 4 49 43 17 31 33 8 46 71 87 95 36 44 26 75
1 9 88 79 71 29 91 37 39 58 3 86 50 36 45 52 41 96 100 67
67 46 93 11 63 1 19 92 41 87 70 41 6 50 25 33 68 72 68 34
55 79 77 25 84 54 26 52 34 31 37 57 24 19 47 45 33 80 14 37
85 44 59 60 30 10 28 58 30 23 26 94 22 53 74 83 29 88 32 41
65 5 37 40 72 15 43 4 7 96 15 61 30 56 66 12 25 65 36 64
86 52 10 8 32 33 19 97 91 43 38 99 54 38 5 30 65 38 65 78
49 66 80 22 49 29 52 25 14 39 73 92 19 58 38 13 15 3 26 27
44 91 88 4 36 58 55 12 69 15 38 10 40 91 20 58 97 16 99 78
10 19 80 34 49 85 9 33 55 16 24 6 11 54 34 98 73 81 50 8
85 4 72 9 76 72 12 6 96 2 92 62 99 19 64 49 7 77 74 93
38 43 32 57 47 23 4 50 25 96 55 24 87 4 1 47 86 78 89 99
29 14 14 3 29 71 4 3 48 79 55 65 69 13 55 9 51 15 27 8
91 2 4 87 70 39 81 92 67 38 75 36 92 57 60 62 64 86 7 71
8 58 69 26 32 19 88 97 59 28 3 57 1 61 81 13 94 79 81 22
98 72 91 54 94 84 64 29 10 43 42 31 10 21 32 25 92 34 7 46
25 87 90 59 10 92 47 57 64 74 89 56 68 19 86 23 55 97 83 63
55 98 31 51 42 6 11 81 64 56 85 4 27 36 93 57 46 41 83 60
97 79 34 63 33 24 92 81 56 85 89 49 91 81 88 100 92 63 72 57
12 86 25 79 43 84 79 29 60 28 43 84 97 9 36 3 3 10 84 80
3 97 87 24 35 14 31 95 35 12 100 33 83 84 73 9 45 29 99 72
21 42 41 74 81 84 78 97 61 24 86 19 43 83 9 73 98 56 76 95
36 69 69 54 21 2 43 69 97 39 22 69 54 87 65 52 37 8 25 94
28 33 85 6 9 5 91 90 78 6 9 54 95 2 33 71 35 67 97 20
124 361 391 307
124 149 320 272
123 356 236 498
35 184 124 126
114 378 181 412
14 203 304 455
92 334 122 387
37 241 364 371
44 183 144 120
48 330 180 347
16 149 322 313
121 181 157 279
24 203 380 493
59 342 136 224
8 115 170 284
68 247 302 286
64 113 367 168
54 218 101 368
59 138 144 180
101 187 389 222
99 2 57 34 89 80 7 67 65 40 35 80 73 69 97 78 88 87 61 26 2 25 55 71 84 86 39 98 85 24
57 28 56 83 24 79 88 83 75 75 82 61 51 64 4 37 48 4 45 16 52 45 60 60 60 82 91 7 79 97
48 9 89 84 4 99 20 10 54 41 9 55 55 16 20 10 81 36 78 32 15 51 4 21 68 43 38 85 13 65
81 84 31 51 38 24 88 15 73 59 5 30 55 62 78 68 2 87 35 11 57 22 93 24 12 42 92 19 95 47
68 97 79 78 53 82 99 98 19 2 27 92 45 94 41 34 4 70 13 28 29 36 41 91 34 45 52 42 42 77
51 24 93 59 84 17 13 53 78 6 40 68 81 29 33 30 78 85 10 17 54 79 79 76 42 85 1 66 87 19
27 29 51 68 82 40 93 14 57 3 96 30 30 80 94 97 69 35 91 25 44 22 99 52 34 2 31 73 73 43
36 10 11 5 58 7 99 90 57 92 40 37 99 20 71 56 9 62 4 60 18 38 43 98 46 33 52 42 83 35
11 67 79 88 13 48 29 60 39 38 73 69 81 87 65 90 94 22 72 50 64 40 89 45 17 22 4 60 99 29
12 94 91 35 63 38 93 97 57 54 90 61 58 13 74 86 16 92 44 27 57 63 80 33 36 17 84 68 59 47
52 42 43 100 89 15 88 91 12 2 5 54 91 9 36 11 69 30 50 43 6 29 10 35 8 74 32 88 11 35
58 58 69 15 74 41 62 36 15 77 27 55 5 88 12 90 53 5 7 70 91 56 66 51 51 65 8 35 86 14
36 4 83 25 98 27 52 21 50 17 55 69 75 5 63 94 69 91 28 95 89 63 6 5 32 92 13 33 7 8
1 51 92 96 33 98 94 70 87 25 41 100 56 96 82 5 19 47 75 9 92 69 77 40 51 35 63 70 81 26
92 22 35 31 89 60 78 50 28 90 69 42 95 74 79 63 53 67 76 37 55 19 4 57 28 16 29 73 3 15
75 63 21 62 55 76 62 33 63 77 55 76 77 11 45 46 88 88 72 87 70 63 84 60 30 37 78 55 45 93
86 91 15 60 60 87 73 38 64 3 30 1 16 71 11 83 5 4 99 95 49 64 48 39 92 36 29 20 54 26
40 30 53 6 72 78 23 40 91 92 28 68 23 15 94 24 52 52 51 47 9 27 68 78 72 65 62 29 70 36
28 6 95 56 99 3 34 12 93 27 6 84 65 14 38 5 16 79 45 31 97 83 14 53 70 70 22 16 27 62
13 21 79 30 61 1 67 35 30 33 1 46 20 37 40 8 25 32 28 66 24 41 13 82 43 99 76 44 42 41
46 57 97 90 88 90 100 7 28 33 10 50 41 25 42 88 73 90 77 48 38 99 74 33 15 47 44 47 15 46
9 47 61 43 48 42 47 45 36 54 100 73 93 24 84 84 76 59 81 28 22 44 17 2 81 70 78 28 68 93
13 15 40 60 38 37 73 92 5 34 87 60 84 71 35 95 73 48 56 21 62 57 24 89 12 50 51 77 74 61
68 50 45 84 72 62 23 1 63 66 18 75 3 89 45 66 75 44 89 31 85 88 99 43 8 40 13 82 3 74
93 84 56 63 28 36 42 23 34 3 92 60 49 13 46 15 32 86 57 96 46 88 84 84 97 26 63 59 88 34
20 67 61 96 65 13 55 70 61 99 31 55 26 74 34 76 66 35 6 18 49 61 86 4 45 13 65 82 80 86
10 9 51 5 91 1 14 44 23 60 32 29 36 91 89 36 4 5 27 31 98 71 20 34 98 29 12 70 73 43
26 22 76 86 91 12 32 39 25 89 74 72 70 66 2 55 83 44 55 56 78 9 47 41 21 81 82 15 38 43
40 98 41 14 4 83 33 87 34 39 3 99 75 48 89 60 65 82 17 38 18 17 71 14 66 39 47 95 15 13
68 76 55 50 22 87 11 7 23 19 99 99 57 59 95 38 57 41 86 95 10 13 68 7 93 17 17 76 7 40
54 29 23 32 56 1 65 98 21 33 3 10 1 21 6 2 41 12 54 82 13 89 72 91 64 97 6 5 100 32
91 17 60 64 73 65 12 69 67 6 4 28 10 31 44 91 51 61 32 37 66 5 58 31 74 71 26 49 36 31
56 48 18 60 19 25 21 30 81 96 3 7 89 20 83 82 21 20 11 36 62 66 75 73 52 4 85 28 37 35
13 44 14 34 11 8 15 31 8 45 51 37 68 52 28 73 4 84 36 7 9 23 91 44 12 15 92 79 24 40
37 99 35 81 38 11 91 73 97 90 10 64 22 96 31 10 4 67 88 92 45 70 100 63 46 29 53 99 79 34
34 40 77 69 16 23 29 45 59 12 91 47 43 60 8 43 4 71 54 29 72 75 29 97 58 97 50 33 22 18
20 19 46 48 62 11 39 72 2 22 3 20 27 59 53 69 18 93 84 2 100 89 21 57 4 9 66 95 36 61
58 15 42 55 31 27 100 21 14 62 39 97 95 39 75 47 52 32 39 72 46 27 60 75 46 18 27 88 50 27
61 54 82 81 9 53 37 47 5 26 9 86 53 59 23 77 50 3 7 94 50 21 56 100 65 79 95 60 88 1
95 40 29 70 29 93 52 10 10 38 41 48 22 44 8 32 48 47 93 43 48 25 81 62 74 72 2 78 43 11
23 47 19 67 80 82 4 72 72 88 73 43 12 31 100 1 27 86 92 90 50 94 78 69 80 83 28 14 70 95
24 30 97 67 16 60 57 97 57 49 71 8 87 65 56 47 59 25 34 39 100 14 36 77 100 11 57 6 24 53
91 3 92 1 87 81 43 31 89 95 89 68 98 74 84 96 95 51 37 28 18 76 66 27 70 11 100 2 55 61
13 46 9 52 10 40 59 53 73 13 58 57 55 19 27 13 50 6 48 65 6 27 12 91 96 63 52 43 99 64
16 7 75 73 47 7 12 80 61 18 37 19 12 40 4 10 21 52 33 18 83 89 96 16 54 39 95 28 24 23
62 41 79 46 71 79 52 67 50 33 22 17 40 6 76 91 85 94 6 5 83 81 63 93 75 65 20 17 32 35
3 7 48 93 48 62 8 21 53 50 21 18 80 97 34 21 60 19 6 39 59 67 78 78 1 1 47 82 74 3
29 8 92 66 5 28 59 70 27 89 40 71 18 46 10 56 3 29 49 23 11 98 84 89 70 69 39 72 70 64
94 92 24 8 43 74 30 16 50 55 27 11 81 31 58 19 83 16 5 55 60 92 65 69 98 39 51 1 79 84
13 81 64 92 63 16 16 21 1 11 24 11 35 37 47 85 42 20 91 68 40 3 62 19 3 92 4 10 45 21
33 34 92 44 95 99 91 78 51 57 6 17 21 38 29 9 22 25 84 93 38 98 42 13 78 67 17 73 98 97
51 90 54 31 57 13 63 77 8 40 19 96 7 69 57 77 85 8 59 19 8 95 7 69 31 95 80 95 3 84
32 62 57 44 61 33 29 93 55 37 76 74 48 31 84 67 20 43 83 74 28 47 79 54 87 6 58 45 31 83
36 49 35 1 49 9 46 88 64 14 75 82 46 9 78 56 50 84 9 51 62 32 36 57 86 34 52 32 68 20
72 41 10 87 52 49 81 70 38 45 67 85 16 87 15 97 64 5 60 47 33 80 21 73 43 40 68 59 65 40
47 56 62 31 94 76 6 31 14 81 17 68 53 6 69 11 78 93 2 47 77 40 49 84 94 24 65 77 31 40
30 56 9 51 20 29 35 91 59 42 24 3 82 88 33 39 43 37 5 26 58 11 50 39 3 100 95 85 48 3
92 43 36 100 90 23 89 81 100 100 52 60 65 26 15 44 95 8 45 76 63 47 2 36 67 92 2 69 68 33
16 41 58 51 55 15 24 30 47 9 47 31 8 39 1 43 43 58 26 50 98 55 42 52 94 27 3 31 89 25
50 81 3 67 26 78 97 71 93 55 71 98 88 17 12 68 63 58 77 22 15 67 80 34 55 47 12 31 30 62
