15 15 30 3
20 17 8
10 13 19
17 19 15
12 19 18
7 13 5
10 9 20
18 10 15
20 7 11
13 10 6
13 13 10
17 9 17
12 9 5
15 13 16
17 5 5
20 8 20
11 12 17
16 11 20
5 13 11
7 10 16
14 12 20
17 17 19
14 9 13
8 20 11
8 11 10
16 9 14
10 8 11
9 11 6
18 18 9
18 12 18
19 9 20
410 288 326 325
89 316 352 176
303 206 242 398
189 262 403 109
303 182 204 378
41 276 278 394
47 183 314 190
67 205 359 191
264 195 403 247
176 217 347 496
255 189 290 303
7 238 305 325
8 280 400 210
369 322 304 119
257 288 382 391
82 5 88 4 3 5 24 36 22 88 33 5 80 31 43
8 14 75 10 26 39 3 30 55 79 34 54 62 53 80
58 82 55 73 97 3 19 51 66 44 19 36 37 30 63
77 92 42 4 26 36 36 2 85 38 30 24 62 35 24
97 23 29 74 19 9 40 51 27 13 5 34 87 83 31
59 9 12 20 31 18 75 37 3 6 29 41 87 55 24
71 52 75 19 64 100 79 16 23 86 16 6 48 4 33
10 54 39 26 1 39 53 93 8 35 34 92 48 14 18
55 56 17 40 93 9 36 50 81 67 36 83 67 48 64
87 47 33 13 83 65 20 62 29 32 85 9 94 75 86
9 95 46 68 51 10 55 50 51 10 38 19 5 62 52
49 93 73 47 99 20 91 90 53 92 48 63 52 61 34
20 62 20 89 51 75 88 3 59 64 33 83 39 59 58
34 7 36 76 57 99 54 13 36 56 1 87 87 56 43
100 59 92 84 5 48 92 37 40 1 17 13 60 76 86
21 78 91 26 84 5 96 5 92 40 61 2 4 81 26
65 2 54 15 10 14 99 31 23 90 85 54 2 36 35
58 8 46 56 22 11 53 88 27 76 92 14 36 96 19
70 32 63 9 65 51 49 71 51 94 29 67 3 53 35
95 19 89 61 17 12 46 58 54 13 56 4 50 4 84
31 53 6 98 85 40 73 74 53 31 97 47 86 66 79
20 97 33 70 28 36 78 12 36 89 23 2 66 23 18
96 99 77 44 56 26 12 20 44 44 56 99 60 24 4
41 92 43 19 98 55 28 85 75 29 20 42 69 95 32
66 58 58 20 9 79 8 43 91 72 84 27 98 19 22
23 82 6 86 51 54 59 91 89 36 68 23 95 39 24
94 36 8 37 74 45 60 26 92 88 67 19 25 66 95
15 87 44 59 29 71 44 19 75 6 65 36 76 87 99
17 39 57 39 33 7 1 97 62 79 44 85 76 74 71
44 50 65 48 66 33 48 75 45 98 28 31 58 63 99
77 46 79 19 30 14 2 65 52 67 92 54 45 24 19
85 72 61 68 53 50 5 88 66 98 100 84 40 94 54
17 5 8 38 81 30 77 56 28 47 66 32 66 94 17
64 4 41 26 61 90 31 2 37 87 29 34 48 31 73
33 73 5 63 41 10 6 97 79 73 56 34 86 36 72
60 45 85 55 83 79 53 94 93 58 39 48 60 47 26
61 17 61 4 68 10 77 65 64 79 12 12 69 65 22
40 70 2 72 94 10 34 86 84 16 86 30 100 62 12
43 99 10 88 9 92 31 68 77 79 54 9 72 99 86
55 82 85 86 64 22 34 81 23 76 96 14 89 60 14
70 62 81 36 90 59 78 56 77 12 60 83 84 80 83
84 57 26 94 53 69 48 86 77 13 59 56 2 89 41
71 65 35 66 85 65 65 86 42 68 78 15 37 77 95
90 22 70 50 70 94 84 88 99 63 11 48 47 58 93
91 79 28 56 20 67 37 59 67 70 96 55 57 46 46
410 219 322 221
189 348 381 390
395 220 346 460
179 219 252 475
119 317 339 402
195 308 364 208
274 291 214 454
330 219 251 357
253 236 389 359
338 198 209 296
316 234 236 209
92 270 274 348
143 353 294 179
205 221 345 310
169 300 270 352
99 54 25 76 98 10 19 41 8 71 98 19 4 9 66 18 4 40 22 25 54 55 27 48 99 87 87 26 33 66
73 71 1 51 53 58 13 54 91 97 84 80 96 86 5 94 81 54 81 20 44 11 28 51 60 79 19 15 94 70
49 37 83 54 11 35 89 56 4 69 49 18 77 68 12 24 91 82 79 72 94 42 45 6 40 12 48 93 72 27
51 39 23 30 31 9 47 61 7 90 87 87 39 14 84 56 44 29 12 6 63 24 30 27 20 37 73 74 44 35
37 3 90 92 8 43 36 77 42 98 35 32 97 97 68 98 39 12 30 2 43 70 51 49 56 64 83 8 76 26
72 20 74 63 59 1 12 3 16 97 36 90 34 96 11 1 73 31 88 38 32 17 75 12 64 83 93 20 68 76
26 44 47 15 99 27 32 18 47 65 93 77 81 49 98 90 6 39 34 42 61 58 100 42 59 85 57 42 74 84
10 79 41 61 67 33 62 37 44 10 78 91 3 75 18 57 65 50 27 58 47 78 99 89 57 21 84 100 37 55
61 76 51 83 42 2 36 1 100 37 14 67 84 69 73 56 55 46 45 72 17 12 40 69 20 5 57 29 1 100
32 31 18 76 32 28 49 46 25 75 99 12 33 68 97 65 24 83 27 69 32 18 8 54 32 55 81 90 30 51
24 17 88 52 42 45 79 28 28 29 42 91 24 9 10 91 44 75 1 32 80 99 88 88 53 24 80 56 87 27
93 65 90 4 70 55 84 56 39 60 67 65 90 46 54 91 76 91 61 29 84 70 33 98 73 41 27 45 61 8
36 68 34 23 37 95 99 26 58 20 22 32 51 93 74 61 23 26 46 43 29 100 7 20 24 24 18 14 43 80
90 46 67 30 40 33 93 79 99 1 92 90 54 31 96 27 96 18 73 50 58 21 39 36 78 10 27 85 24 57
31 71 25 61 37 60 8 35 85 56 3 82 2 26 55 22 3 59 70 64 19 59 47 20 89 98 38 52 57 25
58 7 48 43 82 23 71 34 23 66 71 31 48 94 59 10 22 33 60 49 69 57 24 16 97 16 19 59 28 1
19 35 73 96 35 62 35 69 64 88 87 13 38 22 30 45 39 68 69 6 5 99 78 31 51 5 22 80 49 62
15 82 8 22 13 63 47 5 88 47 49 64 63 53 37 11 56 69 92 62 21 67 93 53 14 49 45 6 48 23
37 10 4 51 82 36 26 48 66 79 36 84 75 64 44 25 58 15 64 25 87 37 82 96 78 73 69 9 61 56
22 96 64 12 91 62 74 28 96 18 7 50 50 90 60 52 50 50 68 76 5 46 16 45 18 10 67 24 99 97
96 26 5 23 16 61 51 42 1 71 22 5 38 58 62 59 71 33 30 93 74 43 82 88 53 21 4 5 92 61
40 21 5 58 75 8 33 70 5 62 73 43 56 63 5 56 9 96 18 15 58 45 48 3 18 47 20 52 58 44
90 82 7 37 74 49 98 21 23 54 83 24 31 59 93 27 23 39 6 87 87 33 56 45 54 71 3 49 93 25
50 62 42 42 4 98 54 20 93 97 95 1 41 31 17 77 75 7 71 80 16 44 15 76 56 48 55 23 80 99
89 60 42 49 70 83 30 49 71 98 32 97 82 32 22 97 4 94 21 57 10 78 42 41 71 40 41 30 13 53
81 31 91 33 12 49 73 86 78 71 64 78 42 38 71 1 70 50 36 29 46 43 94 14 68 18 83 26 35 47
28 62 39 39 44 95 50 7 64 78 11 7 11 56 57 34 5 59 40 60 30 88 81 68 47 13 94 77 52 69
38 5 75 61 42 44 6 26 54 68 39 13 55 28 53 80 20 38 43 10 32 66 85 15 13 89 76 85 65 39
8 70 6 70 31 40 39 41 38 96 79 57 99 71 26 77 24 12 24 75 8 80 91 60 49 23 93 17 76 15
53 16 96 65 21 56 27 75 18 46 62 60 38 91 33 18 88 23 22 64 30 79 12 18 55 2 63 47 4 30
84 98 71 74 14 85 65 21 79 74 7 59 63 15 66 55 91 39 59 7 59 33 32 48 79 86 67 9 38 66
22 29 50 13 51 68 25 13 24 62 31 66 71 33 1 29 33 58 82 6 4 16 17 26 64 55 95 97 53 59
98 19 59 80 54 55 67 10 96 45 27 43 67 34 2 83 24 45 93 76 64 13 79 41 41 54 64 43 17 34
39 21 96 69 32 71 5 1 37 88 10 64 87 25 15 53 21 75 44 38 11 36 71 75 17 45 17 17 93 90
90 37 9 72 40 91 45 55 47 44 4 68 100 63 11 32 55 49 52 57 27 77 40 96 4 20 4 29 57 96
49 57 81 45 12 83 56 21 12 26 1 89 80 23 11 79 60 38 87 25 91 46 65 92 85 45 91 22 6 52
28 15 19 22 36 15 51 77 34 80 82 14 92 44 32 88 100 87 86 41 36 8 42 75 50 99 55 80 32 87
17 79 53 38 4 5 54 24 14 3 42 7 40 59 11 83 35 62 51 52 35 30 1 78 95 76 87 76 58 14
34 30 19 17 2 68 66 22 100 5 98 23 44 56 76 30 58 23 86 34 47 3 80 22 51 75 94 26 83 37
42 95 61 35 58 66 55 30 20 100 72 38 65 16 21 56 18 45 60 59 78 9 95 23 50 47 15 77 93 75
9 95 67 71 73 34 91 33 52 51 100 70 91 52 5 87 34 85 55 10 31 58 85 1 30 51 86 49 70 88
35 56 27 27 37 58 27 38 36 6 54 91 87 99 18 39 47 84 74 84 31 91 16 69 55 27 89 64 34 18
43 40 38 28 84 98 88 38 58 28 71 72 8 36 98 38 37 82 69 61 92 49 90 21 29 13 37 75 74 61
12 66 98 91 78 60 63 59 93 76 100 68 54 23 67 29 19 11 32 99 52 34 78 9 29 89 96 82 23 61
99 57 3 30 32 1 89 12 20 56 35 7 85 59 43 59 45 46 71 42 73 79 47 71 5 7 63 32 22 38
