10 10 30 3
19 11 18
13 20 20
15 14 5
18 11 16
7 16 15
20 14 20
8 16 8
16 5 6
7 20 19
17 8 12
6 17 12
10 20 5
8 14 20
15 18 20
17 5 17
6 13 18
16 14 9
10 5 11
20 14 19
7 14 11
14 10 12
12 16 18
19 16 17
19 8 16
19 17 8
14 11 18
15 17 18
17 15 5
11 7 17
6 9 14
58 220 347 451
57 206 277 480
57 80 71 444
57 340 324 225
57 159 377 209
57 121 366 318
57 310 274 305
19 210 250 464
20 371 234 402
28 180 252 260
90 24 45 17 66 58 37 55 9 51
77 57 8 55 43 66 61 52 7 34
67 49 75 91 52 37 65 3 42 25
52 47 52 20 93 63 81 91 92 12
21 2 40 74 68 98 63 52 79 42
9 76 99 86 45 27 26 49 55 87
4 40 85 25 38 32 40 13 83 77
19 11 95 96 96 85 29 54 36 22
57 12 94 8 91 31 10 57 74 30
5 79 15 63 47 97 47 20 56 39
44 70 65 100 54 64 100 30 30 92
5 48 95 88 96 68 21 31 83 6
70 74 24 99 98 5 2 8 82 95
89 47 64 1 76 71 49 10 64 28
19 58 77 61 37 67 50 39 34 49
24 16 45 10 64 68 92 11 88 3
16 2 11 75 14 21 78 28 78 32
13 85 26 76 47 53 91 14 62 47
91 13 90 66 11 4 1 35 92 79
68 63 17 19 4 40 11 49 71 22
44 87 70 4 31 44 93 41 84 33
22 55 55 34 13 69 91 62 75 11
83 82 59 16 35 82 59 20 27 50
99 50 77 57 17 23 77 67 85 56
61 47 84 17 75 13 16 83 72 63
86 28 25 80 23 77 54 12 67 73
73 80 34 52 66 65 93 46 69 1
37 56 30 56 66 5 99 41 58 99
21 83 72 43 23 69 31 40 97 65
97 63 92 30 53 59 67 1 2 63
58 76 165 192
57 62 394 420
57 233 75 448
57 376 220 302
57 182 188 149
57 294 130 356
57 201 354 404
11 319 60 118
8 224 205 335
7 306 84 356
69 71 86 69 8 14 90 42 58 84 70 62 66 38 87 92 39 92 61 55 8 66 57 78 35 8 45 35 56 68
59 88 35 16 38 73 95 30 92 60 82 14 54 43 67 19 25 39 76 43 51 47 20 67 97 93 4 42 64 16
3 94 30 55 76 1 45 92 38 86 37 100 48 68 15 26 31 92 41 1 18 52 66 99 56 86 44 43 89 93
31 6 15 1 61 26 53 72 28 33 9 53 91 11 2 77 14 29 32 70 71 2 30 100 17 71 36 78 32 8
54 32 86 14 71 27 4 39 59 81 70 24 63 5 71 94 59 71 34 55 32 67 64 16 20 94 27 86 74 88
63 47 35 27 96 92 54 31 18 29 72 40 16 57 21 73 42 96 66 82 34 95 70 95 56 63 21 53 9 68
50 98 48 2 58 46 90 46 38 76 66 52 19 14 15 90 47 65 62 10 71 38 88 98 26 1 39 61 38 98
40 47 68 13 63 88 30 35 15 53 10 49 28 70 64 97 72 50 40 67 97 35 23 64 75 93 91 61 12 29
76 9 68 24 57 64 81 65 8 59 73 13 71 73 64 35 59 26 58 50 42 22 71 62 54 48 98 42 44 63
63 24 10 92 2 59 90 77 33 42 85 55 35 93 23 14 9 4 57 79 69 73 41 60 23 84 50 61 87 5
34 38 39 56 61 19 41 86 18 41 91 24 56 30 37 87 60 63 25 74 44 76 68 4 40 12 20 66 100 54
34 83 64 100 13 26 71 85 39 27 67 97 72 23 57 99 4 83 34 87 61 47 71 12 89 88 1 61 46 72
43 80 2 58 86 70 80 64 1 45 5 44 37 32 76 47 28 25 99 54 68 26 48 63 24 93 49 3 85 7
81 13 16 38 17 38 14 7 45 66 4 81 5 66 5 72 22 60 64 92 26 14 96 89 11 13 24 24 91 50
22 11 5 50 68 29 96 25 30 48 4 23 24 11 56 57 98 67 70 84 94 45 76 69 93 16 55 99 28 23
78 47 87 17 74 50 3 71 37 35 99 50 25 31 43 32 99 40 63 23 91 83 95 73 95 89 16 42 75 98
54 96 64 55 85 82 9 96 64 68 54 51 62 72 94 59 76 21 35 2 76 93 28 45 32 38 17 20 7 88
73 53 42 3 82 100 88 37 94 58 22 95 73 64 100 99 88 60 100 59 18 42 67 19 34 62 46 38 80 15
55 21 24 58 46 23 32 17 19 76 15 94 60 62 29 32 50 15 64 20 60 7 72 63 54 93 24 18 64 39
86 49 25 72 43 81 13 7 66 37 20 61 69 43 26 31 51 90 60 24 9 98 65 75 35 12 78 98 35 10
99 97 4 58 60 31 14 2 16 98 14 100 80 8 65 48 17 16 1 84 46 38 59 69 51 49 98 92 57 98
22 38 82 14 55 8 95 80 73 48 48 56 75 22 67 45 89 78 72 83 39 57 22 47 58 57 22 79 45 46
30 88 82 92 54 4 57 17 23 35 55 24 87 77 7 14 7 10 31 23 7 73 14 25 94 64 52 9 27 97
2 56 29 31 32 34 72 27 40 73 98 65 46 2 13 42 43 20 58 24 74 59 84 95 54 9 69 52 27 47
6 33 19 72 31 43 72 37 44 1 4 24 17 2 36 90 18 13 53 69 71 37 35 94 46 73 5 97 51 30
26 50 43 96 61 10 97 62 65 64 70 74 53 5 14 34 25 66 28 18 40 77 25 87 81 38 81 73 38 40
35 39 4 12 19 96 68 100 62 45 36 32 82 53 66 42 27 38 85 13 64 91 44 69 62 50 28 27 53 66
8 41 49 78 19 93 55 70 26 46 83 26 2 93 91 66 94 7 63 7 53 6 49 5 41 13 5 100 97 20
40 10 11 3 79 43 39 50 36 62 67 82 2 16 88 21 97 91 28 100 44 56 55 30 66 33 13 87 48 73
26 24 97 32 36 69 19 100 74 25 92 58 70 93 83 74 4 96 78 85 64 35 5 15 29 70 14 39 2 20
