15 15 30 3
18 5 9
20 20 8
18 19 19
15 7 18
5 13 13
15 11 10
5 7 9
16 7 9
6 13 8
8 15 15
10 16 19
9 5 20
19 12 9
19 5 9
14 7 16
20 10 9
10 11 18
20 6 13
5 20 7
5 13 18
18 5 5
14 14 6
19 20 13
12 15 9
18 10 19
11 9 10
11 19 8
8 13 19
17 5 7
15 12 14
57 216 61 131
57 190 219 130
57 145 263 165
57 61 308 119
57 52 250 132
57 261 327 406
57 87 199 444
12 119 245 382
46 184 52 287
12 333 177 402
28 86 220 388
47 193 340 205
24 79 117 482
9 266 157 330
10 324 165 436
4 68 39 18 82 57 27 85 69 79 61 62 83 21 55
37 94 63 8 62 18 64 15 44 39 83 19 35 18 88
70 18 11 94 40 27 33 72 7 32 50 48 82 48 87
27 19 76 48 54 31 68 40 9 33 92 68 13 84 45
42 30 27 42 3 90 38 87 2 82 78 5 65 67 97
77 71 53 3 1 16 11 42 83 31 34 54 58 26 46
3 60 96 16 92 96 4 57 17 41 33 86 91 57 99
17 3 95 44 19 98 69 45 6 4 41 77 44 92 49
83 68 40 42 2 43 71 7 25 38 81 46 86 20 74
63 91 2 2 64 30 44 21 82 61 44 15 60 70 13
78 9 62 61 66 8 23 29 71 62 99 88 16 33 71
12 30 61 49 83 73 3 93 42 88 76 4 40 34 35
96 33 35 49 82 13 87 7 94 33 99 55 83 37 96
57 42 9 4 10 8 83 26 68 28 33 81 33 41 7
55 27 21 42 3 79 46 59 5 96 72 18 2 74 28
75 53 51 26 96 65 33 16 11 74 25 8 59 80 99
34 7 28 50 66 18 16 6 50 69 89 93 85 21 21
62 7 61 8 63 81 80 40 100 20 52 27 85 90 68
48 77 41 33 30 3 70 48 43 55 58 3 86 4 85
52 68 91 16 1 28 47 85 4 5 36 32 76 54 63
30 14 49 52 98 54 92 11 88 53 49 52 30 44 52
89 13 40 46 45 40 49 73 40 8 51 57 54 9 35
36 75 92 34 82 88 71 82 65 2 7 99 92 23 38
91 87 45 88 42 68 80 36 23 59 97 25 13 86 70
80 11 9 60 35 31 34 68 56 8 82 31 25 17 96
37 61 70 19 20 53 66 18 2 23 37 67 22 13 51
62 72 70 3 65 82 16 46 80 85 38 30 74 7 28
51 69 76 24 56 6 75 83 89 12 99 19 51 79 40
100 80 64 90 88 8 80 42 83 56 44 99 82 12 92
41 34 20 76 94 13 66 16 63 75 99 17 16 94 69
57 60 18 63 90 20 41 88 65 10 98 95 70 99 4
22 78 50 17 43 4 64 21 98 47 52 14 92 9 68
18 70 40 48 92 60 69 66 94 41 33 42 21 9 14
12 24 53 20 60 48 72 87 55 76 36 23 5 79 43
87 72 67 62 29 68 81 25 63 100 39 90 47 46 49
7 69 20 81 11 82 43 15 73 69 68 4 54 76 16
70 10 55 78 45 80 14 34 90 66 63 53 53 62 44
12 40 77 16 51 77 20 41 53 13 38 7 28 91 46
28 54 56 13 84 3 90 96 94 93 23 70 91 32 65
23 40 64 74 20 93 39 60 60 33 89 68 30 77 60
73 20 84 13 50 12 12 66 49 68 20 40 27 70 1
100 46 34 68 19 84 14 96 96 16 6 9 81 60 45
87 85 73 94 30 11 96 6 78 23 57 40 5 62 87
19 31 71 24 34 81 84 42 52 54 37 36 52 56 96
2 58 38 38 43 96 26 20 18 41 87 77 28 82 32
57 331 97 400
57 258 78 413
57 59 205 406
57 93 61 295
57 313 57 341
57 213 278 437
57 83 244 293
39 251 185 120
43 78 359 422
9 295 197 448
43 57 52 460
33 298 197 137
11 187 207 299
40 233 240 461
21 197 120 294
34 65 83 27 21 34 48 16 52 34 49 55 84 29 88 20 82 74 48 57 82 88 72 33 81 54 14 29 99 86
36 67 47 41 96 50 99 11 25 32 48 25 36 60 57 100 19 58 23 31 15 19 49 37 21 79 10 18 28 85
55 32 78 41 13 31 44 19 27 44 69 38 22 84 25 83 96 77 72 17 93 30 23 55 63 82 31 10 52 94
33 46 20 28 43 99 18 9 81 28 39 89 82 12 44 58 66 50 92 14 80 51 13 52 57 87 17 73 59 20
46 52 43 68 99 88 29 13 40 20 14 61 27 29 43 7 5 16 53 18 98 33 84 50 59 99 18 91 34 59
82 86 72 95 86 77 37 57 68 64 7 21 17 81 40 75 59 95 38 84 6 8 37 92 66 51 45 24 37 49
19 84 62 80 55 22 20 26 81 6 82 19 27 46 95 80 29 35 54 86 83 72 37 82 73 54 77 45 46 84
37 59 92 75 22 65 25 18 18 61 29 31 19 17 74 59 8 49 70 72 56 27 83 63 55 66 60 86 33 8
19 39 50 36 83 84 42 21 83 22 61 6 50 96 30 86 13 40 14 77 45 92 29 6 93 99 38 34 75 3
27 44 23 39 25 58 1 40 31 48 93 29 3 64 21 43 83 72 37 58 71 33 27 48 29 51 76 85 47 28
77 84 81 62 47 42 45 10 14 32 1 66 20 50 45 88 67 81 86 31 26 76 92 96 74 88 44 20 33 52
66 66 79 34 16 100 48 57 17 80 58 100 44 40 98 66 41 3 62 65 96 62 19 79 62 63 96 88 58 56
69 36 29 93 93 73 4 1 20 36 25 46 23 59 5 79 18 37 31 83 21 24 31 81 75 46 67 53 59 40
39 88 67 28 47 45 84 77 93 59 72 50 42 67 33 48 55 20 82 77 2 1 85 96 4 82 98 61 77 75
25 25 9 25 43 42 33 65 40 42 82 94 47 26 54 83 7 98 57 83 65 66 7 82 38 50 56 89 58 8
13 36 96 47 19 4 71 53 1 88 51 16 68 69 97 14 92 12 62 61 63 56 74 72 56 81 23 11 99 10
63 95 57 18 86 28 23 60 17 83 40 5 62 61 64 43 82 36 85 5 87 63 61 58 29 30 16 70 14 4
87 83 26 39 1 54 20 58 15 35 92 21 13 91 23 90 43 43 34 18 84 52 100 50 74 80 26 81 15 67
8 36 11 50 96 16 9 97 48 53 98 41 95 70 43 9 79 53 49 61 81 17 39 64 29 95 11 57 65 36
91 72 8 79 2 83 12 42 55 19 92 12 83 23 92 41 35 52 84 58 65 56 62 28 33 72 87 32 98 84
36 97 43 77 54 20 90 39 32 31 84 18 34 86 91 51 60 25 1 9 65 32 36 97 31 75 40 31 40 7
12 54 83 91 53 9 38 53 19 37 46 8 96 48 24 66 25 96 45 95 44 70 95 34 88 43 69 53 18 90
46 67 73 82 81 88 28 97 31 40 67 65 56 83 83 55 35 99 77 14 79 44 63 3 91 51 76 94 34 34
68 93 94 10 83 93 92 72 18 37 97 85 15 20 35 37 28 1 91 59 7 64 75 80 64 93 8 77 91 75
73 48 91 30 10 84 46 41 7 89 4 36 3 1 75 99 86 94 82 46 98 19 38 71 33 45 15 21 16 12
80 74 8 17 54 96 14 96 17 91 12 20 11 20 26 25 39 65 95 9 70 33 45 36 40 88 57 7 49 82
48 10 89 8 82 78 27 30 74 83 15 75 93 60 76 67 82 74 96 3 1 49 35 54 9 29 83 80 2 50
86 27 35 37 73 79 42 1 95 69 94 91 2 95 97 47 78 93 88 84 80 28 52 78 50 67 22 10 67 70
10 42 65 18 62 28 55 77 45 94 54 89 84 74 12 100 31 56 65 76 4 8 18 61 95 43 98 31 39 11
13 35 77 56 84 66 20 100 57 3 66 88 94 95 79 83 40 27 40 86 8 34 4 21 40 91 26 97 85 17
55 1 76 73 72 5 41 18 91 14 78 41 50 90 65 8 1 32 88 51 51 34 59 17 60 70 48 38 4 89
8 28 83 79 68 53 50 30 100 93 65 99 55 47 80 37 3 47 92 54 15 94 57 4 49 6 17 86 50 39
84 64 31 27 26 78 13 39 93 58 13 58 57 83 18 47 64 95 92 19 17 20 54 67 58 89 81 3 72 57
98 73 72 32 29 100 53 19 89 77 24 8 57 17 66 76 61 3 63 81 74 62 73 51 85 62 72 74 24 37
50 47 35 49 35 2 62 66 45 64 40 51 75 67 87 72 30 66 77 42 63 57 78 22 23 19 7 99 39 87
46 35 54 50 68 21 14 87 38 74 33 33 82 45 86 32 1 39 99 70 86 68 33 46 57 70 61 91 10 83
76 3 29 96 98 82 50 78 26 37 54 87 90 47 89 38 89 44 55 70 19 18 56 96 79 21 49 51 94 68
54 51 20 78 34 68 3 13 94 45 50 36 34 91 8 18 34 1 72 70 6 2 81 41 69 42 93 26 56 43
91 67 46 51 100 28 85 63 89 87 67 26 2 52 88 14 59 57 81 59 59 24 28 82 50 38 35 61 7 58
28 61 15 13 78 53 75 89 99 22 96 81 66 80 100 10 45 18 2 5 100 42 27 44 57 90 48 35 85 92
99 87 5 27 57 25 17 93 1 21 88 19 17 67 15 96 21 57 72 79 61 29 15 39 21 87 21 62 60 50
88 92 76 30 48 62 10 44 88 61 36 38 9 33 90 54 7 61 77 98 15 5 57 64 18 60 73 79 1 98
55 38 34 9 100 40 21 3 45 37 80 24 58 62 85 18 44 50 3 45 75 68 73 75 8 3 52 56 28 38
52 22 94 54 42 54 30 68 72 85 71 31 48 48 96 92 20 89 11 61 38 37 17 17 32 27 1 11 68 40
1 29 58 28 61 38 9 28 14 46 95 91 97 48 85 24 75 57 95 31 52 3 54 66 53 97 2 89 4 24
