20 20 30 3
18 16 7
20 19 11
7 16 16
11 15 9
13 10 18
20 9 8
19 10 17
17 14 12
14 16 18
13 18 19
20 15 7
16 5 9
10 19 13
17 19 13
13 8 12
14 6 20
8 17 20
16 8 20
20 7 14
7 13 15
18 13 15
20 14 10
13 13 20
12 7 19
20 7 12
8 10 7
15 19 14
5 6 19
14 16 13
16 5 14
62 324 383 349
62 211 409 138
62 53 128 216
62 326 118 333
62 308 351 233
62 346 354 411
61 285 270 469
38 60 61 182
8 312 358 414
53 369 248 431
26 105 332 282
6 246 402 356
29 336 70 488
6 291 141 302
51 148 237 184
55 307 330 166
5 189 306 333
9 240 345 349
58 98 128 104
32 279 152 161
50 81 96 61 23 73 44 61 83 88 50 84 94 38 12 81 63 45 15 31
75 32 50 26 64 26 54 67 65 32 1 87 12 34 65 26 86 86 90 79
68 10 38 86 30 63 25 1 65 81 4 71 9 94 62 85 74 2 12 97
77 53 44 60 48 81 25 27 21 3 76 98 72 82 65 25 62 22 66 96
98 18 20 54 83 75 27 51 58 56 98 41 3 67 46 8 33 28 1 93
90 47 46 22 57 73 22 29 74 54 19 96 43 89 79 75 33 64 27 95
34 8 37 70 78 23 57 65 56 100 46 4 82 36 13 51 52 86 94 37
19 14 88 12 12 83 45 58 61 19 1 87 35 1 75 80 21 61 49 84
69 6 5 28 40 42 16 88 64 47 80 48 87 15 54 100 28 47 54 66
23 54 35 34 98 67 97 82 1 87 16 85 29 58 33 23 45 87 6 66
22 40 97 95 52 36 36 65 76 59 92 86 90 22 1 36 84 78 9 48
51 63 41 74 62 9 24 91 92 31 32 100 48 34 74 6 23 29 41 51
41 53 49 94 69 82 73 42 99 34 34 1 8 49 17 31 97 15 33 8
96 42 9 63 15 98 14 16 98 94 81 29 31 46 83 55 63 62 37 38
12 89 26 67 9 58 15 90 45 50 70 96 14 8 90 86 56 56 54 99
29 57 84 82 97 38 64 6 82 70 59 46 50 45 84 78 73 94 94 13
11 90 59 51 3 31 56 99 52 19 88 20 19 45 28 75 41 3 64 44
43 62 8 51 38 70 90 30 9 88 53 3 95 27 68 82 20 83 42 46
85 12 52 70 83 13 83 19 30 35 82 78 83 66 31 16 16 43 13 34
58 46 88 25 70 12 55 35 4 12 66 26 12 50 95 43 25 25 28 70
31 10 34 94 38 20 91 94 72 56 99 5 12 43 56 59 51 81 45 20
10 78 55 49 94 17 93 80 42 98 32 83 24 29 82 96 61 67 100 68
8 84 85 36 31 17 44 15 81 64 36 10 41 94 12 59 8 48 26 28
11 73 1 12 20 50 57 8 4 56 80 66 44 56 19 41 74 16 34 28
22 24 14 89 46 63 14 13 25 36 47 78 48 11 42 28 68 93 41 55
100 71 23 83 25 14 82 38 16 7 98 87 53 100 86 29 6 28 3 84
66 43 22 50 52 18 22 72 54 52 77 13 93 65 24 82 22 7 47 62
36 93 95 83 61 84 46 46 32 61 78 87 98 82 38 91 82 10 87 1
24 14 86 16 58 32 97 26 27 76 15 48 31 88 21 26 55 7 29 43
11 11 93 66 82 69 54 3 77 12 5 16 63 18 18 81 27 88 16 8
10 70 38 49 59 14 9 94 29 6 67 81 15 79 63 82 5 86 54 91
33 46 76 56 5 65 88 8 68 72 96 68 54 22 96 93 7 7 58 57
2 14 12 9 8 34 47 40 47 2 26 44 25 44 92 9 95 32 75 52
80 3 94 79 7 46 31 96 100 43 39 21 7 28 90 68 16 81 66 44
92 77 39 26 82 34 55 93 28 41 82 4 4 8 31 29 99 24 48 20
15 87 11 8 44 40 81 4 8 21 7 80 48 47 68 19 37 98 15 86
98 100 89 12 78 95 39 92 87 55 31 52 34 52 42 88 81 85 98 55
46 52 93 17 49 75 28 21 75 24 95 28 14 10 19 9 97 64 33 31
34 54 72 58 89 19 83 90 34 18 2 5 14 17 20 92 32 57 84 95
73 60 63 40 15 14 11 3 23 19 50 60 48 20 90 33 81 79 25 57
89 70 31 23 94 91 93 65 84 21 3 24 13 1 99 48 6 19 42 73
68 13 70 75 84 23 59 96 63 86 15 63 39 92 4 10 97 23 50 12
39 21 59 61 81 4 89 49 3 6 32 77 87 87 35 86 83 89 59 18
52 60 30 86 74 52 37 21 81 61 25 83 22 47 52 94 80 39 38 88
21 75 14 21 56 59 97 67 11 17 39 91 89 94 29 37 6 65 51 4
40 52 49 70 36 31 84 80 35 47 13 37 90 72 76 4 63 38 7 93
2 81 14 65 73 12 37 78 87 31 14 8 52 38 42 82 74 67 91 27
62 98 93 29 58 75 57 57 10 67 14 21 51 61 44 44 48 18 85 33
37 93 86 45 38 92 58 96 92 50 23 1 41 80 63 92 35 81 34 80
96 82 83 60 71 85 16 7 29 90 1 68 23 36 59 94 33 38 29 27
57 77 24 51 4 48 79 57 99 61 47 36 24 2 25 59 93 73 71 81
8 41 90 48 34 60 25 26 82 56 3 1 84 7 41 10 16 56 20 43
5 74 44 39 27 38 79 8 81 77 14 95 23 62 51 2 52 30 6 66
98 78 85 1 39 63 14 10 93 85 50 72 1 49 35 21 10 44 96 94
34 1 23 35 13 47 45 30 24 55 99 94 69 14 13 96 9 22 98 63
97 94 81 54 33 42 1 58 12 20 81 53 88 56 93 62 53 12 70 68
80 34 71 19 21 31 45 95 50 54 91 94 67 57 97 29 24 92 43 44
66 74 49 56 99 71 12 80 34 26 5 37 71 81 17 5 80 29 65 74
36 35 24 16 25 69 7 84 14 83 41 31 7 58 15 27 61 42 35 68
34 8 55 44 58 55 14 64 39 88 3 76 52 59 60 27 18 95 94 84
62 71 301 155
62 291 203 144
62 236 257 497
62 272 369 122
62 207 128 382
62 339 96 284
61 253 79 122
32 52 344 126
15 104 129 139
6 274 92 289
44 285 142 217
35 189 316 326
20 207 408 264
11 256 252 293
32 251 209 269
1 56 326 138
21 336 163 322
8 333 234 282
18 262 380 117
41 323 208 413
48 48 10 59 21 60 55 18 84 49 86 81 28 65 30 6 89 29 3 7 21 99 15 30 42 39 58 34 89 75
80 79 79 78 33 68 20 83 52 36 41 19 49 78 16 54 82 20 67 95 62 61 4 67 30 9 13 78 43 61
8 33 11 37 94 27 52 83 99 53 52 66 20 99 50 90 77 43 96 93 28 14 28 11 63 55 7 37 1 87
90 59 57 45 53 34 49 25 51 72 44 52 30 25 82 81 24 13 82 3 60 2 87 34 92 99 48 21 79 37
76 49 13 83 60 43 84 88 17 57 55 60 89 34 68 8 86 91 47 70 73 25 93 63 71 18 38 48 78 98
1 98 93 43 76 31 78 52 90 61 50 39 7 79 56 58 51 19 27 82 61 21 68 67 44 69 36 78 100 36
36 58 86 99 28 58 81 100 24 61 2 71 53 72 59 11 14 83 54 13 36 87 65 35 22 1 87 80 46 83
35 78 12 23 65 47 54 24 51 33 54 69 69 23 40 33 25 47 76 77 83 72 10 11 35 40 35 90 19 58
36 72 34 10 63 19 96 58 93 83 39 62 97 89 3 4 76 59 16 22 76 58 69 83 77 14 98 55 45 45
65 5 11 60 42 82 95 56 13 45 41 82 81 56 7 53 86 84 8 21 50 19 63 49 43 100 100 47 4 42
87 19 77 16 94 49 24 3 37 52 79 93 97 49 82 60 16 92 53 24 30 81 5 2 9 28 30 58 68 21
80 77 5 90 91 26 87 14 31 23 86 64 74 66 87 37 19 82 75 55 35 96 15 90 8 8 48 55 99 17
20 18 71 41 27 29 98 95 1 6 9 68 3 60 26 99 45 63 21 61 57 11 28 14 94 95 52 6 21 93
92 60 60 73 1 65 29 3 22 13 9 82 99 33 10 72 99 3 66 27 81 78 88 64 17 48 16 51 44 32
10 39 94 81 60 60 34 75 3 6 42 12 15 24 47 60 63 22 78 58 89 4 33 29 28 63 38 90 14 53
41 41 85 6 70 92 44 70 88 83 77 12 53 24 13 46 86 16 63 7 1 65 43 86 38 76 26 86 60 100
78 55 1 34 44 9 40 41 53 67 68 6 58 40 65 98 92 62 94 91 45 77 72 60 90 1 56 43 26 17
85 32 43 40 34 46 27 6 64 87 96 22 45 27 53 66 46 35 30 45 28 57 69 66 66 96 28 17 8 71
54 90 68 54 30 39 51 93 62 35 89 15 16 37 6 98 71 43 15 19 47 69 48 56 36 85 73 16 12 33
64 22 34 55 30 52 75 35 16 4 33 73 40 34 79 39 19 72 82 30 43 47 1 88 84 43 77 41 62 72
73 64 15 50 42 27 63 28 57 42 9 38 37 93 15 100 46 81 71 13 10 50 83 50 2 30 36 23 63 65
83 37 16 67 60 87 70 85 48 15 25 76 83 15 66 44 32 93 69 23 53 19 97 6 38 30 66 44 6 97
13 2 23 49 32 34 30 50 35 49 34 58 2 11 50 18 4 41 72 6 7 76 24 49 97 91 22 90 94 32
31 13 29 95 48 33 60 1 24 11 87 49 45 100 64 29 11 82 84 27 71 16 73 32 28 96 85 22 26 9
66 81 48 63 40 97 62 71 100 83 89 27 89 46 32 46 14 83 98 52 65 4 1 95 8 76 71 69 80 21
98 89 85 36 32 97 6 38 27 35 83 19 3 74 63 37 76 70 21 57 48 41 55 83 11 96 59 100 67 50
39 5 80 3 46 20 40 77 86 78 94 7 13 67 42 77 97 9 37 2 5 50 35 19 83 45 98 49 32 17
49 29 1 28 14 2 84 82 38 74 45 96 31 17 89 93 26 81 72 58 6 68 1 6 59 93 52 92 53 82
40 72 65 76 40 13 19 31 59 22 46 83 96 98 27 92 27 60 62 70 83 23 76 40 100 8 61 94 75 55
32 86 11 2 84 59 95 73 3 33 52 27 18 1 82 5 66 32 80 23 58 15 13 97 37 11 92 58 50 7
33 73 76 12 46 46 47 79 78 23 34 41 68 56 56 49 25 27 90 17 12 99 3 6 98 14 85 75 38 59
5 20 23 41 100 18 75 86 60 52 71 34 60 70 2 84 84 68 28 7 52 90 8 98 100 74 61 68 80 64
71 18 65 42 37 22 95 77 5 55 74 59 58 78 4 80 16 31 24 47 55 98 45 99 50 86 36 31 38 25
88 52 38 82 41 29 12 2 84 4 97 36 20 12 28 39 37 22 45 62 83 67 100 25 98 17 38 81 30 21
15 54 55 11 17 32 70 61 63 76 4 55 84 22 93 62 9 24 99 82 65 31 33 47 17 43 69 51 70 18
40 71 29 89 32 92 25 24 79 56 54 49 32 93 69 3 88 93 68 57 35 34 51 13 1 33 86 30 93 32
33 100 49 29 17 44 71 36 92 74 23 87 88 52 18 29 3 28 8 95 70 31 14 84 12 53 58 2 16 7
99 14 36 19 17 24 10 18 72 86 88 77 87 48 53 53 42 81 43 44 37 85 88 67 43 43 6 51 31 1
83 51 35 72 76 2 29 28 91 39 32 48 99 22 92 16 38 1 8 19 100 89 89 82 19 55 5 68 6 8
66 72 32 15 70 15 58 60 42 59 12 26 63 19 19 54 64 82 97 46 75 7 2 24 4 80 88 97 27 75
50 33 20 54 26 68 38 60 94 81 70 29 100 75 66 22 3 50 10 97 68 35 42 73 81 88 95 46 3 58
60 81 88 93 89 3 2 97 91 65 61 4 36 28 87 39 24 87 34 35 25 20 13 8 82 88 34 75 33 93
78 67 52 12 52 56 5 4 32 15 90 78 65 99 37 8 46 15 23 95 16 69 6 30 91 57 87 48 1 4
81 94 73 59 86 99 64 22 84 2 6 5 16 78 94 61 73 79 12 30 45 29 56 100 55 71 62 25 22 73
39 47 10 50 96 24 18 79 27 56 14 34 31 9 8 16 99 46 17 34 11 69 65 29 32 39 6 41 74 79
40 20 44 4 62 29 13 11 81 73 73 26 62 54 98 1 43 46 82 26 41 82 48 59 40 78 28 75 67 80
35 12 57 49 69 56 44 98 70 72 94 4 3 87 94 75 62 61 9 57 69 95 78 42 5 82 36 20 52 25
58 66 81 57 32 56 87 31 98 72 45 94 26 24 10 99 14 17 13 38 26 31 35 13 7 79 4 69 63 87
50 14 34 29 55 51 94 29 71 55 76 38 8 5 79 31 37 3 50 11 95 15 53 88 2 29 18 30 96 52
2 13 38 16 95 2 99 70 95 51 15 36 73 88 94 67 72 2 59 87 38 15 91 80 95 77 89 62 30 54
50 19 6 60 41 46 40 12 60 2 26 54 79 4 19 15 11 51 28 17 87 10 59 48 42 82 87 79 41 62
61 67 83 65 68 92 45 30 78 50 66 33 57 44 59 7 45 57 31 91 29 20 42 70 58 99 9 33 22 100
3 73 82 48 46 5 11 54 87 51 69 50 80 72 14 9 16 73 71 80 65 47 60 98 94 10 92 78 51 26
26 65 85 97 36 21 41 69 22 38 43 28 12 54 35 74 51 98 17 64 1 34 10 31 37 5 9 4 17 57
33 13 11 71 29 91 93 86 28 73 50 37 29 54 18 21 29 33 59 11 40 81 96 96 26 12 61 19 38 68
98 80 81 74 86 11 66 29 32 11 35 81 35 40 23 64 34 47 64 21 7 71 60 49 26 53 82 99 89 7
66 55 32 5 34 30 70 29 89 63 95 54 99 71 90 50 57 6 72 77 50 83 23 90 59 29 28 2 54 75
58 41 21 99 46 35 78 34 90 96 24 84 97 22 68 40 40 70 2 32 63 58 2 50 100 32 19 16 89 67
87 28 99 95 55 37 89 52 90 92 80 47 60 39 11 32 93 16 23 29 67 89 52 58 86 75 6 65 17 43
80 2 66 14 61 24 64 77 51 60 12 79 45 72 6 39 66 7 9 9 11 55 62 16 30 84 81 19 57 4
