15 15 30 3
17 15 18
18 10 9
15 13 19
17 13 19
17 15 8
12 10 11
11 13 7
16 20 8
18 10 10
15 17 13
8 11 13
9 8 15
8 18 7
9 15 15
9 12 5
16 15 9
18 16 18
6 14 18
5 14 17
19 5 11
12 13 15
19 9 7
11 10 7
19 7 8
5 7 12
5 18 10
10 13 18
7 20 10
18 9 7
20 9 8
56 278 131 409
56 159 328 345
56 173 211 325
55 235 74 160
55 107 334 206
55 184 337 288
55 143 235 189
35 53 338 432
37 168 307 106
52 313 188 105
23 67 316 224
47 209 218 414
5 232 184 391
20 242 274 214
39 157 160 100
92 15 33 60 33 74 68 98 45 66 10 80 88 19 30
100 14 69 23 66 37 3 21 75 18 27 64 61 87 15
4 65 18 86 81 28 16 55 47 60 39 19 3 8 63
12 4 59 47 80 14 42 15 92 57 65 98 1 50 5
22 33 82 52 31 60 13 59 65 2 20 4 84 9 63
82 5 65 50 100 50 8 41 98 50 28 91 8 42 16
43 30 79 33 40 96 76 57 20 82 85 11 7 92 2
75 12 9 90 24 25 57 86 54 10 13 55 64 10 99
48 65 62 94 39 45 71 65 78 78 51 45 38 63 25
42 5 41 80 31 90 22 75 7 68 46 35 75 12 5
23 33 56 89 58 26 6 20 32 13 49 36 64 27 56
42 31 8 93 59 73 51 26 63 75 53 15 79 74 17
2 25 6 82 7 93 24 70 37 96 18 52 20 47 89
28 50 97 42 98 93 76 38 52 7 100 80 26 48 77
91 88 15 57 19 79 78 73 56 98 40 65 26 17 83
91 12 97 46 73 88 1 85 3 59 48 28 13 31 69
67 56 12 66 73 86 37 24 70 2 70 75 43 38 41
31 19 95 2 68 69 79 2 61 38 22 24 64 29 62
46 98 19 14 69 85 83 15 60 51 66 47 84 78 40
77 95 63 14 80 30 50 54 20 94 23 92 97 49 58
39 26 42 62 95 8 50 62 45 38 28 53 32 87 14
68 91 41 38 81 21 56 51 11 34 96 73 40 17 69
86 82 18 20 78 91 79 40 94 68 44 25 53 51 29
98 85 22 88 88 12 61 69 66 47 94 12 48 79 87
67 47 50 85 61 80 78 63 97 22 12 64 23 9 79
8 57 50 67 51 49 38 81 19 82 9 79 40 63 89
4 11 19 28 85 63 7 66 88 54 58 93 38 43 81
13 97 1 71 75 95 67 98 36 76 42 97 74 95 74
36 76 100 53 17 67 96 41 97 87 95 57 34 6 30
50 72 8 34 3 93 86 75 23 2 79 86 97 2 78
59 51 13 52 9 23 20 48 95 63 34 2 10 34 51
13 94 15 70 87 30 45 62 47 77 14 27 100 10 48
81 65 41 23 95 53 40 26 55 24 78 82 47 47 87
53 40 9 23 78 21 11 33 71 64 68 62 23 69 3
56 27 29 1 89 15 8 3 17 64 44 39 53 54 77
5 1 2 44 24 78 11 10 51 46 60 55 27 91 19
80 96 84 22 91 17 97 30 33 16 41 75 96 79 88
82 42 81 88 69 36 65 61 25 12 100 58 99 27 8
90 2 20 22 42 30 11 74 61 65 9 74 11 85 64
7 59 37 94 90 53 79 3 60 24 52 27 61 5 33
17 58 41 92 79 17 73 72 31 19 69 93 51 86 49
86 77 51 63 88 65 48 45 77 24 87 65 39 37 66
35 9 62 10 6 30 26 44 20 47 1 94 48 77 81
88 93 38 85 64 30 5 70 62 2 3 31 39 79 87
38 100 22 84 66 1 48 56 81 37 15 7 75 5 34
56 243 161 396
56 349 300 432
56 149 136 191
55 359 190 212
55 224 134 115
55 61 79 320
55 51 315 499
45 114 284 295
16 288 337 441
30 100 85 336
30 332 234 338
4 145 260 475
18 152 192 448
12 366 113 312
7 117 73 101
57 84 86 27 89 3 41 45 46 66 62 27 2 38 74 9 61 27 42 48 15 60 90 96 73 93 92 98 66 67
64 17 94 98 13 78 43 65 14 26 62 88 89 36 7 30 43 16 75 22 92 77 95 26 20 97 98 94 35 88
8 13 52 79 9 94 13 62 49 98 64 88 95 44 97 74 53 99 53 37 20 68 54 28 71 25 13 18 82 49
22 63 23 48 91 71 53 76 65 66 34 27 83 81 61 15 92 6 38 39 96 52 1 1 7 38 4 22 92 73
93 94 85 25 91 85 53 32 17 12 57 76 88 12 37 59 44 89 64 2 88 8 18 95 43 82 2 6 60 60
47 75 32 55 20 95 9 24 70 45 85 74 54 59 98 97 53 57 29 95 70 92 67 23 78 65 12 26 12 62
92 16 56 26 42 93 59 46 45 10 85 1 43 93 14 90 30 76 72 44 92 92 34 1 81 91 73 33 1 73
73 33 39 28 15 40 84 78 38 60 60 3 34 21 100 69 29 17 21 52 26 6 71 12 98 42 8 38 1 97
32 38 89 82 28 24 98 52 96 29 90 55 40 16 56 36 49 48 88 9 33 23 50 48 28 46 15 55 6 79
77 98 23 54 75 86 10 78 42 7 39 57 100 87 12 20 21 63 57 99 60 70 23 46 3 23 78 76 16 57
29 87 86 88 31 100 12 78 92 23 77 33 20 66 92 48 82 81 38 82 90 11 46 19 20 24 79 92 83 1
59 4 68 90 33 38 68 68 91 18 23 78 100 85 52 40 94 40 64 29 37 13 28 9 4 70 20 16 89 84
49 83 91 50 22 66 84 13 29 40 20 61 78 41 77 26 30 71 17 97 1 98 73 23 66 59 15 54 53 40
57 80 24 61 91 63 3 4 64 93 40 97 68 24 1 8 36 83 42 49 25 85 41 35 43 45 84 54 31 64
58 5 60 84 48 74 74 23 15 19 15 47 51 49 75 86 95 42 84 18 57 68 79 84 26 9 94 28 17 55
20 81 76 69 100 32 15 91 88 71 11 35 5 91 64 17 41 70 99 63 37 75 52 68 50 47 33 85 94 77
98 83 63 68 18 22 71 81 98 48 81 18 44 90 77 72 29 65 93 54 14 13 19 81 42 90 14 43 18 75
84 40 9 10 1 59 97 83 26 47 10 52 61 96 55 87 13 99 73 31 94 27 79 68 88 39 77 61 86 6
39 91 95 71 42 98 79 54 23 90 66 32 80 43 51 5 86 71 75 52 63 10 97 19 25 42 84 92 79 91
63 23 44 84 98 54 66 37 2 38 63 75 88 45 8 90 45 89 19 50 30 57 95 4 91 47 23 20 62 41
17 87 73 92 66 47 49 17 50 51 24 13 15 98 88 3 14 48 72 94 50 38 26 9 67 31 19 80 18 64
28 17 70 51 83 4 70 69 91 22 22 86 82 56 36 13 68 75 55 23 54 17 63 55 59 43 66 9 96 14
95 68 64 57 10 75 24 33 7 22 89 91 38 95 38 50 57 54 74 39 94 99 42 74 30 40 25 40 7 78
42 21 1 79 82 93 48 3 19 59 100 90 40 13 27 60 93 18 91 60 87 29 60 22 76 67 46 32 55 24
40 19 29 86 17 53 83 8 12 69 94 6 96 32 77 58 63 97 97 98 39 34 70 15 30 32 93 64 76 70
34 17 62 9 99 46 68 66 13 99 49 63 80 24 87 97 37 74 3 35 65 68 30 79 27 77 25 90 67 14
54 65 88 65 51 8 25 64 31 76 5 61 8 88 46 72 9 18 86 36 72 73 25 23 25 84 45 40 64 77
64 37 8 69 86 89 33 14 44 20 64 61 14 16 90 56 23 81 58 20 64 47 86 8 18 62 23 8 11 82
35 70 40 73 38 23 15 87 36 93 9 96 44 11 11 48 39 36 2 61 44 58 9 82 61 58 15 31 68 59
25 96 37 7 68 27 9 84 68 62 81 85 99 46 77 58 43 67 29 21 58 42 76 67 43 16 29 8 9 85
19 50 58 3 56 45 33 80 14 64 97 86 46 29 7 57 30 69 66 99 97 17 75 36 80 79 10 83 95 58
7 48 43 7 72 50 10 45 87 21 38 38 38 94 61 86 95 58 55 31 69 15 41 53 68 44 48 72 99 42
42 80 23 38 75 21 67 68 8 37 71 34 61 94 100 80 21 77 41 48 54 65 54 13 24 21 17 37 77 99
76 58 4 91 59 47 30 5 36 88 53 98 63 39 71 77 87 64 63 4 71 81 9 62 57 6 51 32 45 3
31 78 33 15 65 98 13 75 81 100 60 33 30 21 20 55 16 39 16 59 32 22 52 48 99 49 34 96 28 13
40 92 25 43 60 1 83 79 87 27 96 87 96 18 23 100 84 57 56 41 25 56 53 79 16 33 53 96 28 24
17 75 21 39 73 12 2 100 88 14 34 19 77 17 47 10 9 99 69 50 7 61 100 85 84 87 15 49 21 2
75 61 4 47 24 62 78 37 1 1 72 83 2 10 35 8 9 99 94 89 5 86 33 80 17 55 62 54 29 59
65 15 77 86 69 31 28 92 85 20 84 93 79 64 59 77 11 64 36 65 37 22 34 82 31 56 30 86 17 45
18 72 99 44 34 4 47 22 36 59 46 33 47 6 33 99 7 28 87 11 87 44 17 23 36 46 66 99 96 31
34 82 99 44 10 50 64 97 33 67 48 45 96 65 78 95 48 31 99 53 12 26 84 40 54 88 81 30 55 34
82 91 12 43 8 8 78 15 28 42 51 16 13 25 43 91 55 2 89 27 82 100 7 40 90 37 14 11 57 100
35 35 100 35 69 75 20 40 86 32 56 46 70 23 44 99 79 78 4 1 18 81 1 100 84 26 64 82 58 15
21 54 86 70 8 37 36 19 71 6 24 92 27 25 67 20 19 7 43 68 12 23 74 16 22 11 16 92 14 11
43 46 45 53 90 96 46 89 97 96 88 96 57 61 46 26 49 21 7 14 80 50 22 2 10 92 72 43 33 20
