15 15 30 3
19 8 16
19 11 11
6 10 6
11 14 14
5 8 17
10 9 20
10 8 11
5 18 14
8 16 9
18 12 7
20 12 11
12 13 13
16 8 17
16 15 19
15 10 10
13 9 8
5 6 6
11 16 7
10 5 9
11 14 18
16 20 11
10 7 18
13 10 17
13 14 8
11 13 19
14 6 16
9 16 10
17 5 11
9 5 10
15 5 15
74 148 353 134
73 222 233 364
73 101 306 382
73 195 271 167
73 264 276 364
55 117 170 133
31 257 374 122
49 254 196 326
25 61 255 149
2 196 153 268
40 309 301 459
52 155 159 396
22 252 91 139
65 170 308 162
2 94 273 454
10 66 77 1 63 33 20 77 4 70 82 63 81 31 58
72 59 27 58 60 55 13 26 80 95 23 9 91 98 92
26 46 40 8 67 33 11 76 70 79 9 23 91 37 30
77 35 16 40 19 51 75 84 100 29 65 83 22 88 3
65 39 65 65 59 68 26 83 65 33 12 17 55 50 21
57 6 43 18 16 58 75 41 48 93 99 77 44 83 14
76 66 10 17 99 41 24 2 29 90 65 88 66 11 71
45 41 10 92 20 34 27 70 76 82 18 54 22 12 80
4 53 30 37 45 84 33 45 68 11 95 50 9 12 2
77 86 88 65 78 4 63 30 2 36 74 100 60 31 56
77 11 21 22 62 4 27 49 60 87 27 6 46 54 49
34 1 98 3 34 45 5 24 54 12 59 34 38 54 77
42 2 24 83 51 15 71 50 73 72 74 51 77 80 19
13 16 62 91 14 45 21 8 30 10 61 4 30 69 66
17 39 11 85 73 60 41 17 14 18 27 4 15 3 65
78 58 17 49 35 48 98 95 42 41 13 1 83 97 68
65 47 11 74 22 18 20 98 62 49 8 97 98 40 41
79 12 76 83 39 65 56 7 85 24 13 40 83 17 61
72 98 13 39 94 11 25 95 51 97 9 2 8 58 90
52 1 32 49 16 26 54 20 40 50 39 11 71 7 40
52 93 66 91 79 18 24 93 93 97 27 29 69 25 46
39 63 80 41 82 85 26 52 80 90 48 25 96 72 16
61 59 75 33 59 70 34 76 83 4 91 72 88 21 55
7 89 58 10 34 22 59 69 57 90 35 49 71 37 1
14 30 43 56 92 74 62 98 51 1 82 95 9 58 82
51 77 61 93 4 29 98 6 6 56 16 17 10 16 50
9 20 52 78 69 91 95 20 68 7 22 79 48 6 95
68 49 66 50 33 34 23 69 44 54 20 95 19 49 41
36 1 83 79 33 54 52 51 100 10 81 56 58 61 72
49 41 88 9 86 43 6 24 47 51 24 39 29 93 6
81 6 48 17 4 83 11 69 32 61 41 25 12 98 46
25 79 87 98 31 10 9 9 65 55 33 85 97 49 59
95 72 81 12 38 17 98 44 31 13 28 11 5 45 41
34 9 6 47 100 51 93 22 86 6 11 46 44 55 75
38 58 45 74 80 29 29 27 56 75 41 88 32 55 15
94 12 28 9 36 3 80 29 73 10 30 96 16 89 4
67 41 8 67 86 73 98 36 41 38 13 23 3 81 81
21 60 64 75 73 11 44 7 54 76 86 51 67 91 59
72 8 84 49 56 98 22 89 100 24 40 55 46 31 6
94 90 24 18 17 55 83 94 12 42 60 40 21 65 95
67 10 46 89 60 40 54 57 14 95 27 55 88 56 84
66 28 44 64 86 70 97 38 2 88 64 57 64 99 71
67 53 66 24 91 67 94 100 13 44 34 17 81 89 94
34 78 4 80 97 23 10 67 68 4 2 33 98 37 49
98 72 38 49 57 2 77 54 99 41 69 31 81 45 22
74 261 361 282
73 289 212 468
73 73 265 145
73 212 344 285
73 181 132 173
3 245 95 194
69 320 259 211
41 270 209 479
49 196 362 312
3 112 225 399
31 88 324 203
36 84 209 182
36 101 265 220
59 70 234 138
58 62 247 324
3 82 58 100 1 58 21 67 37 85 35 82 69 63 68 1 35 38 41 41 69 64 90 35 96 13 66 51 15 35
91 56 66 17 58 85 60 27 28 88 39 47 87 100 47 99 77 61 49 77 72 89 43 72 67 7 84 47 30 30
72 76 44 28 16 23 95 10 9 39 60 1 69 63 80 35 83 84 3 57 75 29 32 4 35 54 4 79 84 31
69 64 66 30 12 16 45 78 34 85 68 69 91 9 72 68 55 1 26 22 75 94 24 1 11 59 78 96 9 23
18 16 42 44 34 55 66 88 5 51 22 51 54 68 86 75 92 43 84 62 1 83 100 54 45 13 74 7 59 64
95 63 40 97 38 29 41 19 34 40 84 60 65 47 53 52 33 55 19 21 1 84 40 67 18 31 4 1 55 72
42 4 30 97 46 57 45 5 63 84 72 17 93 8 79 56 74 42 28 23 78 99 86 14 96 87 8 71 69 33
45 13 25 94 1 48 37 36 73 25 41 63 83 72 18 23 60 18 26 53 55 67 38 64 19 20 100 69 11 91
43 73 94 14 98 49 3 56 2 63 99 12 14 85 53 36 81 67 78 31 89 69 76 72 59 87 30 19 27 98
73 97 62 40 74 54 37 77 66 59 2 98 81 70 98 91 79 55 42 8 65 25 43 4 92 100 36 1 81 100
41 67 75 48 62 40 78 93 27 47 87 22 79 62 54 28 73 84 4 2 66 19 64 36 49 16 25 34 41 100
96 6 76 98 81 26 4 58 86 19 38 52 3 56 53 47 31 50 86 71 59 65 70 80 87 96 85 3 79 56
99 60 57 82 100 87 86 65 32 1 25 41 48 10 38 88 3 6 72 70 25 86 30 50 21 92 36 98 69 2
18 72 13 9 68 88 78 32 51 54 75 90 58 8 98 26 94 20 38 50 54 5 12 13 72 27 49 71 15 31
42 74 93 99 23 22 42 59 32 47 33 91 12 58 43 24 32 1 96 97 51 91 83 17 83 5 57 36 20 49
26 60 3 30 77 19 84 79 88 1 55 21 45 59 100 3 46 4 4 7 23 6 66 58 33 90 62 37 4 80
10 12 12 18 16 44 92 62 7 61 85 30 29 58 17 44 70 77 94 92 89 90 4 66 6 33 8 42 81 8
5 46 88 88 26 86 74 46 85 43 38 66 28 37 74 84 92 43 68 11 43 25 73 21 31 80 38 35 45 5
7 76 38 75 51 38 39 30 40 26 75 34 33 54 40 48 78 8 76 96 26 45 78 74 83 83 18 18 10 22
78 27 4 79 50 56 8 45 74 12 84 27 90 39 68 51 79 1 27 14 40 43 91 21 28 98 46 92 78 83
6 56 71 92 30 61 6 93 47 92 15 44 34 54 94 86 36 42 14 57 55 29 25 96 88 24 20 49 38 28
93 96 62 67 57 37 72 63 16 82 86 30 80 72 11 63 31 98 25 51 49 39 68 37 29 68 69 50 45 93
64 25 86 23 7 70 34 86 30 68 99 92 37 78 93 51 76 55 93 62 17 85 10 72 29 52 76 67 10 57
66 23 82 21 47 3 26 43 16 15 84 4 8 100 66 3 90 97 54 93 66 31 68 11 61 4 88 80 35 39
49 88 23 76 99 13 35 37 17 76 64 71 31 66 60 27 97 70 16 15 27 71 23 89 35 35 13 69 34 76
32 55 58 45 34 70 6 67 24 64 57 37 75 2 44 8 56 25 75 97 51 26 56 21 15 48 24 41 90 3
70 32 17 94 43 67 17 18 17 16 87 87 91 34 38 22 61 37 58 56 30 81 12 54 97 76 17 64 75 46
88 33 90 42 6 47 20 34 2 90 59 7 72 1 34 2 34 98 7 66 81 51 52 91 31 26 30 61 29 54
6 24 48 26 95 80 40 23 53 1 59 74 58 26 30 10 41 47 16 11 92 8 51 100 31 81 52 89 52 77
85 2 63 44 44 77 55 61 85 55 80 35 69 69 61 84 77 34 62 62 39 85 53 45 32 62 83 100 34 23
67 9 61 10 15 93 17 49 25 88 55 60 71 61 97 44 68 33 66 38 57 47 59 61 21 57 34 15 80 97
64 72 68 33 70 50 34 9 92 19 83 86 75 80 52 43 79 99 31 100 12 75 79 17 38 92 63 8 66 82
44 47 25 81 52 65 32 92 78 53 90 21 14 88 45 96 94 28 3 95 67 6 41 92 26 57 60 93 86 85
50 26 62 44 53 24 57 7 5 47 96 49 81 57 81 77 85 56 20 92 30 69 2 84 88 84 33 56 42 5
87 54 14 46 20 44 51 34 97 64 93 6 69 68 83 54 85 55 48 91 47 69 37 78 37 4 27 74 37 23
50 42 94 19 83 1 4 90 28 1 76 52 91 13 47 52 4 46 4 29 62 87 32 13 29 4 23 88 54 17
45 72 82 14 30 48 84 72 5 67 49 31 77 58 53 14 36 51 21 30 2 36 68 56 69 57 57 84 88 65
59 54 52 5 53 2 20 12 39 59 18 66 1 87 61 64 31 64 60 95 95 71 42 94 92 46 57 39 79 28
38 20 54 40 49 57 39 8 34 84 12 1 54 60 82 76 40 15 18 45 25 19 88 31 26 14 19 17 91 37
4 12 32 9 43 68 36 41 42 24 77 31 9 62 10 93 56 98 26 20 18 55 39 78 14 94 59 55 19 99
98 11 69 19 46 12 93 100 61 51 90 32 60 31 80 66 60 19 6 34 83 39 92 93 58 42 32 85 71 68
15 40 17 10 85 23 49 6 47 58 49 90 81 38 16 1 32 73 94 55 31 11 90 78 27 51 32 7 49 57
45 89 45 35 3 78 68 89 11 69 52 15 9 15 44 100 33 68 23 12 78 30 94 61 40 94 11 26 34 87
64 77 12 16 80 38 5 75 32 27 64 46 85 2 3 98 39 2 3 39 36 97 52 45 25 6 38 24 93 24
73 11 7 57 72 43 51 76 59 78 16 75 56 98 100 22 36 82 84 32 100 34 23 58 70 98 19 6 11 66
