10 10 30 3
5 18 10
6 10 10
17 16 6
19 5 17
18 6 14
14 15 7
5 18 5
16 15 5
12 14 18
10 17 18
14 12 19
15 19 14
6 13 12
11 16 18
9 10 20
5 18 20
14 20 11
17 15 14
17 19 13
20 17 10
7 6 18
11 17 8
5 20 17
10 15 16
7 7 20
18 19 18
13 5 9
19 14 17
5 18 15
18 10 18
52 224 298 408
52 401 241 371
52 392 53 171
52 295 271 475
52 129 55 368
51 266 333 173
51 320 403 349
8 416 148 272
48 305 303 314
42 267 117 330
35 97 15 64 62 85 34 58 79 96
21 66 36 72 79 68 50 86 78 39
26 68 83 83 52 50 59 31 89 3
58 21 84 28 81 93 25 34 9 49
11 28 41 100 10 20 73 43 64 100
62 86 93 10 70 1 74 51 41 59
66 62 41 80 58 54 76 62 75 92
31 17 27 5 17 2 64 7 42 32
33 32 12 64 18 62 32 57 21 5
87 65 46 16 30 37 52 78 100 53
82 31 52 13 83 54 98 96 85 43
41 72 61 19 23 71 55 20 76 13
40 31 59 49 75 53 74 30 65 48
8 87 11 9 62 12 97 59 52 78
25 94 37 27 60 14 56 73 89 100
90 24 97 48 79 5 17 31 26 23
35 65 53 10 47 85 9 4 88 86
61 65 64 31 99 26 55 13 80 6
46 85 17 88 69 84 47 29 51 84
42 91 70 82 30 62 1 2 16 74
98 19 74 75 57 12 2 7 38 54
53 84 34 8 65 55 83 39 96 62
49 63 21 64 87 99 48 30 97 81
76 12 69 61 27 20 54 51 93 53
51 31 57 78 26 25 91 65 75 47
54 1 69 10 96 30 61 9 93 90
61 52 69 51 10 68 8 91 81 51
60 67 13 12 48 71 40 90 40 100
10 29 26 86 35 67 23 62 63 58
13 74 79 19 52 98 96 47 55 100
52 406 133 384
52 129 266 451
52 147 111 392
52 226 208 290
52 111 209 234
51 296 221 275
51 205 76 273
14 82 360 225
9 251 365 428
7 182 205 309
95 36 11 70 13 29 50 55 22 49 93 58 77 96 33 92 58 64 60 15 43 74 50 59 81 24 46 41 16 70
92 49 93 90 92 91 25 31 21 38 54 81 84 82 36 68 82 59 43 53 81 27 80 14 34 13 59 80 3 32
100 77 96 13 1 92 11 64 87 77 84 71 14 11 66 34 97 35 27 30 98 43 48 87 59 97 37 99 39 84
23 58 49 84 48 4 74 2 76 12 93 62 69 87 72 67 47 54 25 42 47 4 63 88 84 9 21 16 62 35
93 46 18 44 17 72 51 66 82 76 21 99 86 41 61 47 74 31 79 63 43 76 60 99 6 60 60 96 99 19
60 76 1 91 65 49 69 4 23 18 84 7 3 70 72 54 63 6 89 2 20 84 99 46 18 33 54 29 5 65
33 27 22 34 79 74 98 31 89 62 34 90 22 20 13 97 73 13 34 85 47 19 27 73 38 90 73 16 28 59
85 48 34 53 6 65 76 33 59 53 11 48 50 73 82 96 11 15 90 32 79 26 71 44 86 35 13 97 8 47
8 55 7 38 75 71 72 46 30 18 11 22 50 77 26 24 31 65 95 35 84 78 70 57 59 72 69 47 65 52
35 39 43 45 31 7 34 31 32 86 93 81 61 38 52 8 40 94 37 95 97 7 39 5 10 81 11 95 19 6
76 21 93 49 12 13 70 9 59 59 45 45 2 35 96 97 44 100 85 84 36 3 71 67 85 31 26 55 72 77
65 7 70 4 71 15 44 66 61 19 55 92 11 64 76 88 22 69 76 92 11 54 49 70 77 28 88 43 44 78
42 90 97 50 10 18 46 91 45 38 40 57 62 9 56 89 35 22 76 35 47 25 25 6 56 47 78 90 71 91
94 62 67 11 84 71 68 63 13 69 47 27 62 95 74 83 56 19 74 71 58 88 52 61 7 3 93 99 22 23
83 75 55 42 83 25 52 87 70 65 37 14 1 43 80 9 64 39 63 63 29 67 21 95 89 66 36 44 35 47
22 58 41 99 47 57 60 73 6 7 87 2 60 24 38 97 69 87 30 77 43 70 69 67 47 22 78 31 12 34
80 89 53 17 65 75 16 66 39 19 20 55 16 9 38 53 7 11 36 35 10 59 28 62 30 3 15 60 38 78
51 30 41 98 22 35 7 74 13 63 27 21 52 42 13 50 79 88 41 65 57 47 82 93 16 35 52 82 97 88
47 26 71 55 4 15 83 38 66 97 87 10 14 41 5 27 57 30 77 39 62 36 60 61 40 48 48 52 52 73
29 87 80 93 33 32 53 37 64 76 100 38 48 77 44 98 86 95 36 80 80 90 45 63 26 92 77 92 74 87
14 87 30 70 50 70 36 49 2 32 73 35 66 48 54 66 45 33 100 54 80 75 32 10 52 1 100 97 69 81
100 30 23 87 52 21 25 90 8 44 39 10 16 83 33 25 86 1 37 91 12 62 80 61 46 5 59 2 36 7
16 25 97 74 41 46 42 99 6 64 100 5 63 61 17 58 23 29 75 77 31 62 43 12 24 15 91 10 48 39
89 29 41 60 63 66 58 85 68 40 82 52 22 54 14 49 43 69 38 54 66 98 74 30 24 51 73 99 7 34
94 99 72 85 88 79 47 36 33 2 61 93 69 45 69 24 37 29 45 68 7 46 85 80 28 70 84 82 100 38
61 28 32 22 13 33 65 61 26 64 97 6 15 87 75 17 42 14 12 85 68 51 12 51 86 40 93 33 16 34
41 81 99 58 66 69 54 29 43 6 84 95 88 85 31 29 76 77 79 20 24 81 9 78 41 71 4 56 23 88
83 37 39 25 24 27 30 39 36 8 99 36 18 48 63 26 29 91 23 13 15 59 86 53 30 14 54 42 76 42
26 6 2 4 46 10 75 91 78 21 98 48 9 61 99 44 7 32 8 92 3 65 87 12 15 7 99 100 74 70
84 79 11 67 95 30 9 93 63 17 61 14 75 69 14 97 86 43 18 37 64 91 72 74 85 52 84 80 73 71
