15 15 30 3
20 20 5
20 9 15
17 7 15
18 6 10
18 9 19
13 12 17
7 11 16
8 18 17
14 16 15
18 5 12
7 12 15
19 14 13
8 16 13
18 11 7
6 18 11
20 12 17
15 16 19
6 14 7
12 9 14
14 11 20
17 10 18
19 11 12
11 11 5
10 20 9
6 9 20
19 12 14
9 14 20
17 18 15
14 8 18
16 11 19
83 174 338 383
83 203 269 380
83 65 100 323
83 191 329 376
83 223 148 309
47 363 313 123
70 347 190 493
64 291 254 256
40 77 237 424
41 132 310 409
20 215 116 218
31 276 203 268
59 212 352 181
44 337 85 215
39 262 402 139
10 99 22 67 69 82 8 20 33 74 68 58 23 1 27
33 34 42 73 84 8 12 20 11 89 7 75 59 86 42
25 1 69 77 28 94 92 9 24 57 65 86 60 62 75
53 11 88 70 44 42 56 9 96 75 95 85 50 58 66
81 19 55 39 36 42 74 39 84 33 76 23 9 49 61
78 26 80 73 53 26 66 36 53 34 37 9 35 26 73
26 87 21 52 42 56 21 46 10 77 99 26 36 5 21
61 33 23 26 2 37 40 81 26 90 32 83 60 37 60
76 78 31 46 81 57 82 27 96 22 72 73 88 19 34
80 11 94 34 41 55 83 8 59 4 83 21 38 38 13
70 4 61 44 1 27 87 76 39 99 93 91 80 94 81
25 43 75 45 56 27 66 63 64 54 13 15 24 71 93
21 15 85 59 23 47 74 66 48 75 72 79 48 63 68
60 19 21 30 98 32 35 32 16 17 90 11 97 59 13
36 24 72 42 59 70 7 67 87 73 45 87 36 94 48
2 72 6 86 53 70 96 86 3 99 59 30 52 6 47
63 5 42 8 10 7 9 25 4 77 70 50 8 90 87
9 17 100 57 36 100 52 72 28 98 16 72 54 47 86
4 18 22 50 60 21 17 64 44 40 65 59 57 98 99
36 10 94 59 43 48 78 7 76 14 53 64 6 3 18
71 82 3 79 48 16 29 2 26 78 3 86 46 76 60
32 13 62 76 57 50 62 13 35 22 97 50 63 83 65
65 63 68 66 82 30 80 64 74 66 12 86 61 49 38
86 32 30 21 79 63 26 92 54 7 36 16 43 41 35
84 11 88 59 9 90 54 71 62 80 67 10 54 90 47
57 84 43 99 22 58 40 42 95 53 48 63 93 73 16
4 17 37 76 72 30 66 30 100 51 73 41 5 98 100
46 87 7 53 1 59 4 80 66 26 24 92 39 10 89
68 29 92 43 98 55 22 33 37 62 56 41 27 17 27
49 69 49 62 15 87 64 64 83 92 85 30 5 70 40
14 65 36 56 32 83 1 30 13 76 27 21 87 48 41
23 31 1 55 19 84 70 33 36 66 43 91 32 18 79
41 5 20 8 32 31 96 39 18 38 8 81 84 2 94
74 32 78 48 72 82 34 27 23 15 72 94 44 63 55
96 43 9 90 14 19 59 8 98 61 35 18 15 8 88
80 8 91 84 92 32 97 97 91 20 58 72 71 97 4
89 99 96 89 99 56 94 20 77 72 15 40 13 91 32
15 39 54 13 64 38 16 47 23 13 49 5 15 27 84
33 77 4 42 7 28 34 17 61 11 27 70 62 97 18
71 95 78 81 20 38 98 24 94 3 64 75 44 59 80
78 51 90 92 34 68 100 23 21 68 43 64 1 59 40
97 91 62 5 85 29 37 58 39 92 43 95 32 22 93
14 33 34 12 69 34 31 85 60 78 35 11 46 82 53
47 54 7 78 66 98 19 8 32 51 99 12 95 37 23
64 8 71 40 28 13 48 22 13 32 62 18 81 49 38
83 211 334 438
83 273 106 190
83 318 129 200
83 351 126 116
83 168 77 327
44 115 399 279
59 362 332 158
34 364 155 414
2 127 278 381
64 250 104 474
23 198 288 322
12 321 103 438
81 87 221 165
72 223 342 122
3 314 345 294
26 65 95 83 14 62 19 38 64 18 90 80 11 30 16 11 47 97 60 91 32 39 88 3 91 71 42 5 65 24
70 49 28 46 27 35 68 20 35 60 38 26 72 10 69 19 5 90 26 40 81 26 24 9 82 77 88 62 25 39
12 40 63 44 66 73 79 43 42 77 26 37 48 70 78 68 96 89 24 4 27 7 15 59 57 11 73 57 11 54
31 41 43 54 56 43 78 68 6 44 66 81 34 46 46 74 15 55 1 67 36 47 3 99 2 53 37 88 99 91
80 19 68 74 68 31 35 13 81 9 62 37 25 66 23 5 77 79 23 11 21 20 92 20 26 63 20 49 32 33
74 97 43 15 31 78 44 70 92 60 64 48 52 33 33 100 36 44 19 34 13 86 2 45 38 75 38 52 100 21
79 27 72 94 64 81 69 66 95 91 30 51 35 91 54 66 59 4 65 87 56 88 66 50 74 41 100 6 51 77
31 74 5 47 9 1 79 65 71 10 36 8 25 17 52 58 78 56 40 19 33 13 68 38 29 78 69 24 20 59
76 47 53 32 81 73 6 30 47 78 2 53 4 98 34 69 80 61 17 37 8 39 96 15 14 60 94 67 11 66
17 84 45 68 20 43 29 86 56 63 52 51 25 48 52 74 70 54 77 72 26 92 3 56 40 22 22 14 25 88
69 36 76 12 78 29 25 9 73 95 17 64 26 21 84 90 48 14 73 92 35 60 33 70 13 96 89 71 49 58
31 64 57 8 16 24 31 67 22 53 34 81 18 27 62 97 78 57 68 53 100 66 69 76 90 87 13 78 27 74
84 2 19 62 51 95 33 90 2 94 51 45 77 22 40 41 11 25 77 25 92 4 83 44 29 60 67 1 58 93
71 2 68 53 49 17 98 55 76 12 26 35 3 20 51 13 64 10 63 11 37 72 61 45 77 34 29 91 6 9
50 8 36 57 88 26 36 73 48 12 32 7 72 99 32 58 96 56 95 24 93 2 75 39 15 36 70 94 57 10
14 7 31 8 27 92 74 14 83 53 44 50 29 31 33 11 13 40 24 53 40 53 97 24 42 36 95 82 78 97
90 84 28 12 62 80 45 85 93 24 2 70 65 19 2 59 4 67 23 17 65 22 40 13 30 24 71 44 43 39
71 37 32 89 18 61 57 14 8 47 80 87 64 30 2 48 42 62 90 47 15 26 36 27 82 51 85 88 83 11
70 52 95 46 51 75 4 50 12 14 6 100 17 51 35 40 18 53 57 96 2 48 14 50 6 58 32 12 41 36
89 47 87 86 97 26 92 82 7 94 30 60 18 63 70 89 60 13 43 88 68 12 23 67 24 20 38 83 1 22
17 10 31 83 82 53 68 10 90 41 22 39 34 69 22 91 59 30 6 24 28 1 62 16 53 7 66 91 63 64
22 29 38 87 21 99 55 57 75 28 38 1 89 3 65 84 12 66 92 58 52 95 76 46 61 88 27 82 71 17
29 85 49 64 23 64 62 28 39 62 69 17 84 15 49 58 53 63 64 35 99 7 9 85 71 72 95 75 15 3
19 73 7 24 46 19 38 64 96 54 51 11 32 49 89 29 43 18 65 54 70 49 69 67 49 29 19 48 18 22
5 60 74 66 54 12 6 72 99 5 39 72 9 56 60 39 61 93 95 67 46 84 16 53 77 80 92 4 34 19
99 34 36 40 53 16 81 58 38 80 87 15 74 48 93 24 98 35 49 73 80 59 5 26 78 88 82 69 22 32
25 94 6 3 75 30 85 39 58 38 27 43 81 13 98 67 2 65 10 17 18 64 89 46 57 18 46 82 56 7
84 90 88 2 12 16 58 32 29 46 86 27 61 91 37 47 96 36 11 45 26 21 85 20 99 79 60 52 37 48
20 84 95 50 2 90 53 32 81 32 3 69 85 97 62 39 43 22 41 98 58 16 95 39 38 98 97 32 2 56
80 82 12 40 37 46 46 90 43 1 34 17 92 50 32 42 87 82 44 47 19 39 42 28 49 93 74 13 37 33
85 48 95 91 47 99 84 70 22 45 68 65 33 29 24 2 42 9 78 46 37 18 23 36 84 41 93 79 70 51
32 15 38 99 71 63 6 40 55 32 74 85 41 32 84 56 58 90 12 99 41 89 10 27 51 84 34 37 81 41
95 49 80 67 38 65 66 38 81 29 77 32 50 25 50 63 20 42 29 1 42 15 51 5 36 94 19 94 51 88
9 63 50 47 18 40 41 67 32 53 87 52 32 36 10 94 76 10 62 56 38 39 33 58 56 37 62 15 49 84
21 75 22 73 52 81 64 41 42 34 30 85 18 98 85 48 53 86 5 3 50 68 76 49 41 57 40 65 97 79
76 48 26 8 64 46 21 92 74 73 3 52 88 13 60 87 2 58 56 31 75 95 61 13 82 27 65 15 22 31
60 15 99 30 24 3 76 75 58 61 51 18 23 98 53 53 14 54 23 3 96 77 38 34 45 87 63 56 47 47
41 50 35 63 30 77 77 31 96 14 57 70 39 75 59 14 40 78 18 98 17 72 24 62 78 54 35 23 87 78
54 56 1 10 9 75 48 3 71 44 29 79 74 14 100 94 58 7 26 39 81 51 90 67 4 86 2 20 34 88
93 74 30 37 30 66 32 72 14 25 50 94 30 83 74 2 29 28 72 94 26 60 24 61 47 20 78 16 35 36
93 72 91 66 51 96 27 99 87 7 72 1 19 23 89 56 31 2 6 88 90 89 58 21 95 28 96 22 42 98
34 24 94 54 90 97 19 53 15 5 16 47 14 72 28 48 31 17 36 100 32 50 18 4 69 16 63 83 100 55
78 61 1 66 62 75 53 78 36 2 84 80 43 28 78 99 70 34 89 44 97 28 71 89 82 90 3 44 53 81
68 60 5 57 82 97 80 73 35 43 86 65 16 41 90 44 6 49 49 29 24 28 90 4 72 100 3 30 60 75
2 64 8 94 89 68 82 28 48 71 63 45 86 23 11 56 14 10 92 94 70 63 27 9 31 33 24 24 92 43
