15 15 30 3
13 17 18
16 20 16
20 6 15
5 12 6
16 7 9
18 8 16
9 9 20
8 8 20
20 9 19
19 12 20
5 17 17
10 16 17
6 5 20
13 7 12
11 16 18
17 17 17
9 9 17
19 13 14
14 9 20
10 8 6
13 8 12
11 18 17
14 8 11
8 10 6
19 10 8
12 13 15
16 8 5
19 17 11
9 17 14
8 13 16
129 95 316 324
129 269 401 351
128 236 312 387
49 186 172 446
23 269 130 310
67 292 184 199
115 316 115 110
70 274 350 328
50 102 262 207
36 115 418 396
104 307 416 466
112 103 283 160
5 194 217 140
24 205 129 493
103 307 201 499
29 77 79 4 5 15 46 69 69 48 41 45 50 31 27
48 93 29 72 57 57 46 68 53 76 94 8 94 30 74
90 84 54 44 63 56 20 90 95 79 93 49 70 18 21
70 39 46 3 6 81 8 85 99 13 87 79 100 88 47
50 17 27 88 34 61 25 73 2 42 82 99 42 100 42
95 68 27 24 59 13 98 6 85 34 76 61 55 44 30
11 75 75 53 64 82 8 86 10 3 73 98 12 75 27
65 69 99 84 46 61 66 1 99 30 21 41 32 50 65
48 57 69 31 99 89 100 61 12 38 43 43 54 49 24
94 12 23 81 75 79 33 29 34 98 45 58 45 22 17
80 37 13 73 27 45 35 87 89 71 99 52 98 26 7
73 37 62 94 11 45 82 64 83 81 89 46 27 68 50
74 93 95 19 63 80 49 10 6 25 99 99 22 45 50
29 78 27 79 45 17 46 96 83 72 29 33 88 39 63
42 17 58 9 38 19 79 24 60 74 12 71 77 21 71
93 6 59 9 1 86 29 72 74 50 58 35 27 75 18
7 22 63 85 44 28 62 37 73 59 69 7 49 91 25
76 78 93 43 24 95 96 30 68 66 45 34 43 93 60
91 54 23 60 63 34 23 79 19 15 86 55 2 28 59
67 40 49 54 89 89 39 74 87 96 60 10 58 8 29
38 37 39 69 81 98 30 76 92 99 72 95 33 10 50
26 90 94 39 88 13 53 25 33 13 80 69 41 33 20
90 30 37 10 26 52 10 14 45 17 66 25 85 53 90
95 55 79 7 67 51 17 84 62 26 91 7 10 63 65
34 81 45 3 25 43 5 53 29 42 68 98 84 10 6
78 59 72 68 23 80 53 69 4 57 84 58 17 60 71
29 54 57 84 34 79 96 82 71 4 72 67 62 28 1
50 66 28 46 34 37 90 82 82 11 36 33 97 44 80
76 57 55 37 57 97 78 5 92 44 46 5 91 90 4
41 1 43 6 51 46 80 34 50 79 8 39 73 41 47
60 8 41 38 89 57 31 1 10 11 59 52 35 1 79
7 43 43 65 86 87 73 100 62 17 8 47 7 13 94
10 78 31 84 75 89 58 9 47 49 55 81 37 18 19
68 65 44 32 74 4 86 43 61 26 20 58 89 41 19
36 22 61 49 21 27 24 56 100 52 22 60 68 25 66
84 98 72 13 66 85 77 46 99 58 50 9 20 98 48
17 100 92 100 20 46 70 22 93 49 35 88 4 44 66
73 48 81 64 49 4 80 81 58 83 32 93 59 26 75
59 7 91 36 17 81 50 98 37 83 20 90 47 39 52
71 20 8 16 21 11 15 77 75 84 31 60 22 47 87
15 80 36 11 52 3 47 39 28 22 55 4 46 70 87
50 64 75 72 52 16 51 80 68 13 93 81 26 82 53
99 97 74 57 33 16 33 6 18 6 42 66 41 66 89
97 44 47 94 64 3 87 94 59 99 55 55 34 56 99
14 24 53 16 30 56 14 98 4 29 63 20 63 87 32
129 194 255 279
129 321 155 260
128 275 115 137
66 146 280 103
8 205 352 410
3 238 245 372
6 280 114 189
97 338 379 150
104 176 383 288
69 220 389 482
59 159 212 422
37 279 349 491
46 252 344 493
84 105 182 248
84 162 111 363
78 84 2 13 98 66 12 33 52 71 6 24 22 25 53 78 47 34 63 33 60 39 14 59 100 46 44 44 51 80
88 40 48 23 74 31 100 1 47 72 51 42 61 86 78 12 45 18 79 51 27 46 63 87 60 81 77 86 31 84
60 25 54 50 79 33 18 99 94 79 23 25 58 20 87 54 57 48 7 93 45 14 65 66 91 71 34 12 42 89
30 62 46 42 33 26 46 35 92 51 39 1 82 67 40 88 98 82 58 21 32 54 100 24 93 16 3 93 94 36
90 24 34 7 86 52 89 99 5 99 43 98 32 4 68 26 70 12 4 81 86 90 53 82 46 66 8 98 84 91
75 92 68 15 88 48 62 35 71 85 72 88 30 31 65 63 86 10 96 97 95 17 24 41 15 98 28 9 14 65
97 61 19 14 40 77 78 95 34 78 15 1 88 27 22 79 85 53 14 11 24 39 3 35 29 12 33 41 4 90
55 64 25 21 32 7 8 12 70 37 36 28 96 68 29 63 7 95 55 23 79 79 60 34 10 30 44 13 19 91
63 20 41 14 64 20 25 93 80 17 97 52 16 11 93 84 48 39 41 11 20 21 92 49 23 47 81 62 18 80
89 34 97 75 30 92 98 99 60 12 13 83 70 74 22 99 25 61 18 85 16 56 60 56 21 52 66 36 89 33
32 25 76 67 43 32 69 19 9 48 23 26 62 62 38 44 73 47 35 66 25 70 13 68 24 3 50 95 94 55
19 99 63 28 69 7 3 24 28 68 2 97 10 66 66 95 71 91 40 9 3 66 72 93 16 20 80 48 71 15
12 18 37 22 33 39 10 46 20 66 90 71 95 1 3 94 26 49 23 29 7 93 15 30 2 28 38 36 65 33
87 29 90 45 89 95 9 80 68 73 76 29 22 54 99 70 54 15 99 78 9 52 78 6 72 70 87 46 76 23
97 46 71 80 92 58 1 21 9 24 56 11 85 51 1 57 76 59 77 87 3 38 76 69 25 70 30 24 56 70
37 48 58 64 47 57 88 96 54 48 4 39 71 75 55 59 23 48 41 25 98 79 33 58 24 71 80 61 13 85
32 33 16 80 20 94 59 37 52 86 74 30 10 74 23 77 43 88 43 97 84 48 48 57 40 84 39 56 48 82
71 42 76 14 23 28 38 90 71 97 54 18 28 65 81 59 75 71 70 54 14 60 99 71 44 52 16 58 28 21
26 98 53 3 12 91 24 15 32 37 47 61 98 76 6 14 36 98 22 11 41 24 37 51 6 62 19 11 14 58
9 90 15 50 35 91 43 94 16 45 96 18 35 16 98 52 48 36 22 88 21 43 36 73 98 32 58 83 92 38
10 3 22 98 30 77 54 6 75 85 34 15 65 37 100 56 60 21 6 48 94 46 92 77 45 93 25 24 52 32
60 11 27 70 91 6 84 55 72 2 88 97 59 41 60 62 88 70 98 51 77 55 54 3 6 14 52 89 79 87
59 11 64 56 29 74 8 69 65 47 11 84 1 16 77 57 73 81 25 15 90 44 57 70 91 51 96 18 93 78
1 67 47 56 95 53 53 27 60 18 86 86 11 84 23 80 67 20 31 94 19 12 40 62 95 66 79 53 45 40
67 18 95 38 66 81 75 62 39 10 25 82 60 86 16 94 46 26 33 74 26 31 18 15 16 37 17 65 53 32
8 32 39 16 10 49 91 56 67 18 68 24 65 8 43 89 16 36 21 29 45 47 82 62 35 8 95 40 20 50
83 85 96 17 37 62 51 48 65 10 23 72 53 24 37 58 51 50 45 36 5 52 65 84 29 58 18 79 6 100
74 23 76 27 39 41 3 18 68 47 15 21 78 35 2 46 24 1 50 4 5 2 17 24 55 99 77 80 28 77
38 63 42 88 11 12 10 90 74 9 62 4 55 80 38 94 62 10 47 6 64 56 91 99 22 74 26 99 32 66
20 99 14 88 58 51 85 81 37 13 57 15 2 63 10 44 24 97 21 58 73 92 34 42 29 39 61 80 41 31
53 17 17 34 9 57 69 13 20 30 2 79 80 15 33 90 94 18 42 39 71 49 7 84 47 50 75 30 70 91
73 81 65 9 27 65 14 19 86 34 9 49 32 34 81 37 87 100 96 30 46 33 38 60 85 77 48 63 44 16
15 15 81 94 86 27 19 93 86 63 93 52 35 62 46 57 42 84 49 50 20 84 22 32 31 51 13 92 64 9
92 76 41 12 20 62 57 23 98 100 56 47 44 94 97 62 68 78 18 5 56 25 67 3 82 66 15 21 68 36
18 2 20 72 15 1 73 45 51 14 14 16 33 86 54 57 36 56 53 80 1 19 40 41 74 3 52 60 62 5
90 45 69 20 14 67 94 82 3 32 70 8 94 68 54 100 67 81 19 44 15 19 72 99 40 88 30 52 78 42
74 40 57 13 11 47 4 44 4 42 54 56 67 64 33 59 42 83 44 3 19 50 85 6 77 16 93 26 84 62
37 5 16 1 85 6 49 64 41 27 44 72 44 6 49 79 8 75 75 7 50 77 79 38 83 28 34 25 78 70
72 93 100 79 65 99 9 63 27 13 76 53 63 89 74 54 34 46 54 69 38 16 80 66 12 29 31 100 50 21
74 88 94 18 39 57 15 100 42 40 57 42 47 50 100 80 95 81 93 51 55 66 6 83 11 92 44 22 34 74
36 59 51 25 83 83 27 33 85 92 41 50 63 63 84 57 77 93 17 43 35 37 26 9 11 13 45 8 46 94
49 60 23 78 31 76 58 73 53 27 38 57 18 10 64 97 26 63 54 91 17 13 67 83 77 85 90 33 77 100
96 97 95 66 21 38 94 74 32 7 87 57 25 98 2 54 34 65 26 41 93 28 62 73 96 9 28 43 25 34
81 15 74 56 6 38 4 67 73 88 65 73 16 84 9 27 81 96 19 83 75 80 73 17 20 38 84 17 58 87
46 85 95 61 63 81 17 56 48 13 100 25 73 56 33 45 1 20 28 2 21 61 89 39 18 62 7 57 63 81
