15 15 30 3
10 20 7
12 17 7
6 19 18
6 11 10
13 19 15
7 20 13
11 7 13
15 8 12
5 8 9
10 9 7
9 11 12
16 15 12
13 20 11
14 6 14
15 20 16
13 9 20
15 13 11
5 18 19
14 17 17
8 13 7
15 18 15
18 16 5
19 5 16
11 10 11
11 14 12
14 17 17
13 14 18
20 16 13
7 8 13
6 8 14
117 153 163 397
117 228 129 146
116 267 199 280
108 271 106 305
8 195 380 401
69 371 215 494
73 403 121 432
26 164 231 407
14 377 151 430
53 391 117 114
33 325 239 334
79 129 295 337
36 240 273 367
60 243 231 100
31 234 188 148
30 1 64 4 58 10 16 21 91 60 27 53 74 72 44
79 32 1 72 24 78 63 24 81 56 70 14 46 80 90
78 60 52 90 8 32 70 30 45 8 31 66 90 59 49
45 70 17 99 10 19 28 1 3 41 61 63 13 38 99
34 98 51 79 41 85 100 84 36 31 41 6 66 38 96
16 44 47 70 88 56 36 11 2 3 66 64 31 14 43
28 14 89 98 50 69 26 66 14 25 92 82 38 47 14
40 38 41 44 33 4 100 87 71 16 10 39 32 23 63
5 13 86 25 53 72 93 60 52 94 69 53 86 86 13
16 20 99 63 57 96 39 2 1 65 24 28 95 50 64
89 73 85 86 5 28 41 53 56 48 49 89 85 99 48
3 67 18 50 88 40 78 24 12 95 98 54 92 91 7
74 3 87 39 62 18 23 60 35 65 63 27 20 78 65
25 91 92 5 46 4 90 85 70 93 66 80 99 95 80
84 22 15 30 62 62 89 16 99 44 79 74 35 3 75
61 82 73 66 86 99 96 40 97 44 90 63 79 11 87
26 36 12 73 15 33 81 31 31 59 24 20 41 88 62
94 46 56 28 87 51 15 25 63 46 47 99 15 32 17
68 89 46 100 77 53 84 12 47 44 78 60 67 77 85
37 65 87 94 64 32 34 55 62 58 71 98 58 30 89
63 64 98 36 92 49 59 85 64 2 21 56 94 15 94
86 56 70 14 43 20 91 51 23 52 14 90 27 8 9
48 82 84 26 2 95 23 93 6 73 66 16 1 18 97
49 24 4 75 24 56 36 73 42 92 12 91 84 20 87
53 71 100 76 85 49 66 4 9 12 3 35 51 81 60
34 22 99 69 2 94 66 12 32 16 47 47 62 23 24
83 92 67 77 34 12 95 22 48 8 10 22 1 49 20
61 13 56 78 88 38 59 58 40 93 90 47 49 65 7
65 37 98 87 1 14 71 48 20 73 11 47 15 51 99
80 93 48 70 92 33 75 86 77 36 87 55 31 68 8
64 29 74 75 57 76 4 44 23 78 30 27 66 39 34
13 8 68 65 12 35 8 35 13 40 40 75 82 71 47
23 54 25 36 5 72 52 7 60 49 79 5 51 34 22
31 47 79 34 21 26 84 13 77 90 52 53 2 18 82
10 45 62 36 50 75 9 54 73 10 16 46 90 15 92
55 3 68 69 56 98 50 13 18 14 36 88 50 91 51
61 39 59 57 40 47 2 47 3 87 44 6 10 70 55
77 21 12 45 100 88 26 64 81 62 46 46 84 98 79
24 52 84 36 21 35 11 57 3 47 63 40 49 51 14
79 19 10 32 85 84 93 87 48 29 22 40 87 91 82
6 69 34 11 26 74 5 41 47 6 22 89 78 42 14
88 74 9 77 11 22 61 35 63 77 13 34 34 16 23
47 58 1 14 96 54 9 59 100 9 4 51 58 2 71
88 79 70 93 97 15 67 89 92 56 35 80 32 95 23
17 19 83 14 85 84 69 29 43 23 23 36 93 56 43
117 392 203 129
117 293 356 454
116 286 101 299
69 339 297 402
89 346 289 365
69 405 335 393
82 195 298 290
36 181 363 158
61 338 173 211
2 324 375 163
26 159 365 395
71 160 359 304
114 295 135 347
109 119 300 343
110 200 151 469
95 52 89 34 36 33 2 9 10 94 31 67 22 18 60 27 30 40 9 94 38 99 40 18 3 63 18 20 72 43
24 94 83 59 40 20 46 99 64 98 90 13 43 87 13 92 13 22 46 61 73 46 25 31 14 57 17 68 56 53
6 94 87 45 55 58 5 95 72 21 46 73 93 37 76 91 42 44 55 44 12 48 19 55 1 26 27 75 61 38
15 59 43 85 27 53 18 31 24 22 41 52 23 100 89 49 32 37 15 65 11 15 95 36 11 44 81 98 41 92
90 1 95 58 91 62 90 27 43 52 99 76 61 46 74 71 27 68 87 87 58 89 93 64 75 10 91 17 81 61
99 81 18 50 45 62 10 28 63 33 24 30 46 93 14 97 99 13 12 45 35 53 72 30 28 59 71 25 64 48
83 91 47 70 10 93 76 15 94 35 92 97 31 10 8 60 27 39 97 37 92 5 69 88 60 95 27 45 75 51
6 89 95 27 22 17 70 24 84 76 86 54 80 23 74 49 48 90 26 93 59 48 84 59 5 10 29 37 24 82
55 25 100 88 23 26 96 96 14 64 97 53 25 2 39 89 31 59 49 93 83 58 28 45 60 1 35 22 53 52
78 85 8 59 22 73 82 48 63 99 17 75 7 98 15 86 93 16 27 20 11 90 88 20 89 92 60 2 43 95
5 15 10 37 20 75 2 55 55 89 62 79 78 11 16 36 52 98 36 94 28 46 75 37 29 46 2 93 55 10
47 5 100 28 27 14 95 90 41 98 18 46 65 42 32 72 32 68 57 72 5 68 9 67 28 23 73 66 41 70
32 64 15 94 63 12 31 23 25 39 49 36 35 5 21 35 91 95 4 64 69 96 18 26 96 80 55 94 78 42
48 27 81 45 6 89 84 82 44 6 92 21 25 65 61 99 56 91 98 52 46 51 83 71 78 91 68 74 55 21
64 74 78 45 20 97 94 45 97 19 95 54 72 36 58 9 20 90 17 18 12 21 49 8 51 14 41 21 17 99
31 12 77 40 46 51 77 65 11 33 43 73 48 57 59 49 28 31 27 24 63 88 68 32 40 10 25 96 100 13
76 55 53 72 13 66 12 47 35 65 8 84 27 30 70 54 13 59 27 99 1 7 51 47 89 100 15 76 25 26
63 80 3 63 25 19 84 48 29 80 86 77 58 78 97 51 83 68 4 5 78 23 1 24 70 27 59 5 66 29
24 29 62 57 3 75 74 58 64 20 88 32 44 54 47 38 17 32 22 6 19 6 94 14 4 8 42 69 50 49
73 14 75 73 86 37 52 81 21 76 54 51 56 53 83 7 12 92 19 76 38 92 2 80 83 96 38 27 46 35
2 60 53 21 1 29 65 36 12 12 67 32 48 64 50 89 8 48 81 80 66 65 27 24 63 60 22 67 55 48
93 46 41 47 54 31 96 17 5 65 10 54 50 61 71 60 8 4 78 98 55 75 52 52 17 82 63 34 32 59
54 99 95 53 62 14 17 34 25 38 40 29 1 33 28 86 13 26 82 70 23 60 24 59 56 83 50 47 53 99
19 61 10 57 88 17 19 86 10 36 5 60 67 31 80 76 31 81 1 24 70 91 35 45 21 44 78 27 94 83
11 43 29 44 87 67 78 64 38 40 28 50 56 34 82 43 24 61 89 59 26 88 17 27 69 36 55 27 23 18
90 90 95 8 25 40 40 14 91 97 47 42 9 30 76 84 63 53 64 76 90 69 8 27 83 67 37 83 25 49
73 100 21 71 18 90 35 36 94 24 30 65 97 96 27 85 46 75 95 59 17 24 67 85 63 69 65 11 27 70
49 15 55 19 52 34 61 77 4 88 5 42 46 77 41 48 97 7 21 80 62 22 2 23 79 23 55 51 27 72
75 15 86 54 13 32 74 94 52 100 38 14 88 47 73 78 12 33 76 93 79 50 44 22 72 84 30 76 74 32
38 61 1 35 15 85 2 41 23 39 12 18 58 1 95 27 74 45 100 20 18 3 5 41 2 55 37 55 70 37
45 30 34 94 83 80 86 93 13 26 50 56 66 23 38 38 14 33 62 36 20 61 19 42 65 94 6 30 71 51
34 76 33 79 12 19 68 8 76 63 30 48 51 70 37 28 43 25 19 96 27 64 2 4 67 89 77 35 35 20
27 46 7 79 55 77 87 28 33 81 23 68 27 16 68 1 82 67 28 50 3 16 62 18 9 72 11 76 96 9
60 100 13 88 68 37 36 70 50 6 90 79 42 58 35 95 21 21 61 100 64 82 43 33 34 27 35 74 55 81
78 90 43 49 28 5 45 69 82 55 74 82 35 64 77 73 40 47 71 97 9 66 64 80 79 100 42 80 32 69
43 93 48 99 4 83 58 47 15 58 90 68 55 12 19 78 90 60 32 52 48 93 66 2 99 68 34 76 77 91
43 44 75 17 61 66 4 84 43 66 71 75 34 42 74 53 3 56 22 60 24 40 45 71 8 57 46 36 20 13
47 2 52 37 48 97 83 100 14 86 62 60 53 58 65 34 93 19 1 1 20 84 88 5 20 12 27 35 13 96
78 23 3 35 90 36 40 57 55 22 48 55 32 75 84 13 86 5 70 51 75 25 24 89 38 38 99 5 1 6
76 27 25 25 74 81 90 8 7 30 34 53 58 2 92 2 65 100 28 39 88 31 82 92 70 75 82 44 4 83
32 100 18 71 28 34 81 10 57 69 9 22 48 21 10 96 97 94 55 49 75 51 6 99 86 87 14 76 92 44
56 24 98 18 59 11 69 51 27 82 13 46 56 95 52 95 9 14 75 53 96 24 62 56 87 2 2 48 64 47
60 74 96 47 84 40 65 79 71 64 36 79 55 98 6 31 91 11 69 96 50 26 43 58 88 31 16 36 33 96
45 35 26 84 33 91 97 47 59 48 71 51 57 34 93 52 17 80 40 94 65 87 4 47 36 25 42 41 64 18
21 87 30 97 26 74 81 35 27 38 24 60 1 73 82 70 90 51 90 75 88 85 73 91 48 89 21 95 90 31
