20 20 30 3
9 18 16
12 19 16
10 13 5
20 17 16
12 13 7
5 15 11
12 7 7
18 12 10
14 15 19
5 20 12
5 8 7
5 10 16
11 5 14
6 16 15
17 9 9
18 12 6
20 14 13
14 17 12
13 9 9
17 6 19
17 16 17
5 5 18
16 17 20
19 15 5
20 15 13
8 5 7
14 7 9
19 8 8
9 14 14
9 12 13
54 108 184 438
54 94 360 246
54 112 264 368
54 122 58 480
54 178 185 357
54 121 305 191
54 107 338 488
34 47 242 204
16 60 102 292
24 76 254 350
11 305 123 416
45 77 47 378
44 71 192 235
51 350 336 179
9 59 299 147
7 349 232 362
51 132 350 317
9 115 159 106
28 289 71 321
5 87 359 388
68 58 69 91 41 46 10 2 58 60 33 3 82 88 41 91 99 24 3 26
11 80 35 52 76 22 21 77 69 49 98 92 38 62 9 95 48 74 82 53
16 77 51 46 5 90 46 48 88 1 41 64 68 17 60 100 90 11 48 8
53 83 45 11 87 71 73 37 7 62 34 96 48 75 30 90 95 35 51 74
1 72 1 91 78 96 65 85 35 95 46 76 21 84 75 64 16 26 20 80
18 52 57 56 5 62 73 99 95 60 32 26 28 83 33 18 19 75 18 4
9 36 84 51 76 83 7 80 69 28 94 59 70 58 33 56 4 41 72 45
82 76 75 56 34 70 20 40 10 78 52 6 23 54 74 20 42 9 97 93
35 43 25 59 17 47 4 49 40 64 5 5 29 88 41 17 53 29 18 83
98 41 43 62 24 83 6 97 78 17 81 58 27 16 88 88 62 56 96 57
78 69 24 44 8 33 16 36 3 67 92 18 16 59 85 17 68 94 64 17
95 85 1 88 68 78 38 14 7 3 90 32 73 68 76 81 3 81 95 58
95 62 6 37 41 47 69 74 23 93 13 98 24 38 44 52 74 48 90 27
46 21 96 55 2 15 10 87 85 2 67 71 33 51 15 88 11 87 74 62
4 34 3 3 52 74 48 75 19 15 10 54 43 23 30 73 97 58 93 99
36 50 27 36 51 80 4 98 94 42 3 33 33 92 72 74 72 1 31 25
33 56 25 95 73 51 17 25 62 80 27 15 78 18 51 33 30 23 81 3
82 64 60 79 5 75 83 67 92 45 41 50 69 18 3 13 89 60 88 71
27 74 91 68 39 79 58 46 53 72 48 46 66 18 97 64 5 85 86 6
44 49 91 29 35 40 71 98 85 46 61 87 52 93 59 73 18 94 14 17
91 27 78 29 88 39 13 4 92 51 24 80 23 64 79 39 21 29 42 58
6 55 78 99 33 57 84 77 88 78 30 5 21 10 79 11 50 33 75 67
6 46 98 68 38 5 6 24 66 98 70 49 51 24 67 34 99 46 19 46
31 58 51 33 57 9 5 23 37 93 80 27 89 73 48 2 8 44 76 17
8 15 7 52 95 62 97 42 8 59 22 80 39 97 32 71 80 50 91 31
66 93 57 58 39 49 79 40 4 76 51 16 19 75 52 85 75 27 41 27
56 11 72 87 71 99 98 40 8 1 57 89 31 12 7 84 36 67 95 73
40 37 42 26 83 51 86 16 28 3 49 37 57 55 29 49 52 86 39 54
48 93 34 4 10 48 23 77 70 60 89 92 24 80 5 71 100 86 39 18
14 61 46 10 81 16 61 41 7 85 55 18 26 51 32 20 12 17 84 87
52 18 30 94 43 31 4 59 32 4 43 82 72 53 24 20 40 70 99 37
86 7 4 51 92 39 13 94 42 92 78 23 12 34 43 45 87 76 14 96
57 98 48 78 44 65 78 78 54 95 2 21 23 59 10 78 59 37 64 22
30 80 21 11 19 100 35 44 72 50 12 86 94 80 60 83 10 98 43 17
91 20 71 23 1 68 37 98 33 17 58 70 57 25 81 88 57 89 70 54
84 60 51 44 59 38 66 23 33 8 71 15 92 67 75 94 55 61 78 21
19 28 46 26 42 50 96 33 35 59 34 20 38 52 56 36 10 23 42 78
32 55 37 2 35 77 22 66 60 84 24 45 90 79 79 59 91 59 27 78
89 44 39 69 7 86 95 54 46 47 91 71 23 36 63 35 16 65 68 86
91 16 76 28 77 27 28 13 59 12 59 74 58 20 73 34 46 91 59 44
57 92 60 63 52 11 1 87 24 54 60 2 19 88 42 10 65 44 14 12
47 34 98 92 97 28 65 55 86 56 58 97 26 55 90 24 44 17 60 51
62 11 62 67 15 16 51 91 25 78 4 68 55 3 70 69 45 77 24 89
97 25 60 67 18 51 18 94 75 95 16 59 66 24 11 5 1 51 11 2
41 12 82 81 28 47 95 90 77 87 24 31 8 44 30 90 93 36 71 58
96 35 74 19 88 1 91 95 38 37 15 30 39 58 72 47 52 20 77 85
48 22 82 61 1 29 15 62 68 97 90 14 97 86 82 14 74 91 54 53
30 87 5 18 55 91 87 38 44 86 87 35 81 35 6 33 58 79 50 82
83 14 94 40 15 100 33 96 4 32 41 84 31 26 97 40 21 73 5 19
45 100 64 35 26 70 2 99 15 82 79 22 82 100 46 49 20 29 54 1
78 10 41 88 1 40 37 83 4 79 74 84 95 86 29 75 8 40 78 12
58 81 16 3 46 96 1 32 91 64 34 77 56 53 80 71 16 6 77 90
41 48 60 90 47 15 65 2 47 97 26 49 10 80 21 21 98 67 14 62
51 78 68 42 5 76 43 33 24 40 28 86 72 90 25 19 10 20 35 77
70 45 81 77 40 44 48 52 4 40 47 22 20 15 63 48 15 79 81 85
44 9 66 16 25 43 77 82 60 57 80 41 90 19 40 86 54 94 69 20
65 51 59 33 35 14 89 34 2 10 78 10 45 68 60 45 28 63 89 11
86 20 20 63 28 34 32 26 57 68 11 99 19 69 23 68 39 21 24 53
42 39 45 26 95 76 13 90 11 91 51 27 86 2 52 81 94 1 98 80
90 80 92 58 88 54 14 3 38 6 32 97 80 98 31 93 63 92 69 17
54 173 74 484
54 139 336 113
54 325 287 166
54 162 185 481
54 175 278 160
54 90 330 353
54 292 172 409
34 239 262 290
10 241 266 188
22 222 144 160
48 76 199 258
43 182 186 123
4 317 142 295
38 236 184 443
13 153 298 267
28 116 93 138
20 191 239 475
38 94 173 370
20 54 150 141
19 123 109 341
2 71 74 1 70 66 66 18 6 96 98 66 89 27 71 13 45 68 82 94 94 92 46 42 46 40 2 6 36 24
92 84 85 59 70 5 29 71 24 85 24 70 3 51 61 86 55 39 58 44 34 50 63 49 21 8 37 50 11 93
31 22 17 66 14 46 35 22 33 7 73 55 31 93 91 4 84 22 23 53 75 48 89 96 82 35 73 1 90 64
97 34 73 90 60 90 28 58 47 78 68 9 100 20 94 52 29 39 46 80 90 83 43 50 67 33 27 23 46 13
27 35 10 72 82 31 76 19 89 100 19 59 98 73 38 57 79 66 63 38 60 44 87 2 73 30 70 51 17 44
15 15 82 80 11 35 1 82 52 76 86 79 9 59 18 55 29 91 60 92 71 84 3 56 99 14 15 71 39 67
45 41 91 81 96 66 49 9 30 19 96 58 36 52 99 66 71 25 75 75 6 54 34 67 76 98 15 2 8 45
23 44 59 61 50 20 76 76 6 97 42 30 97 62 49 16 99 37 35 98 52 5 63 57 60 74 29 42 40 15
11 92 74 76 47 1 63 2 40 87 98 8 49 37 19 70 70 1 69 71 84 64 29 6 21 72 89 73 41 16
28 9 90 97 16 95 42 2 11 65 22 43 94 17 28 5 43 82 61 51 16 72 94 91 80 43 89 76 23 71
18 98 73 83 3 51 37 17 95 16 63 96 73 2 92 30 62 96 80 46 79 63 85 6 9 32 22 39 91 3
19 32 22 78 2 34 35 97 85 40 72 6 82 66 57 63 74 33 51 70 21 34 44 40 86 4 2 18 46 51
88 58 31 52 41 73 23 54 75 3 49 25 63 2 41 35 86 94 53 7 82 64 58 24 37 4 4 76 80 2
51 62 23 79 31 94 7 87 37 8 63 66 85 35 80 56 5 45 87 7 37 48 61 90 83 67 60 37 40 84
65 49 50 65 67 13 54 88 35 99 78 33 51 36 28 27 49 46 100 43 27 14 100 70 96 28 10 59 98 17
77 35 95 49 3 64 95 81 1 24 60 52 6 17 66 21 76 51 26 39 90 38 69 10 87 29 43 57 17 70
67 37 75 4 84 36 71 6 82 88 91 65 56 67 6 99 10 71 96 52 19 15 2 20 33 61 25 17 49 96
10 80 58 26 45 73 55 20 99 61 88 73 92 32 13 95 41 31 40 30 23 22 43 36 57 96 10 32 44 85
97 94 33 42 80 93 89 84 6 59 24 83 60 72 50 65 40 97 8 27 52 38 59 93 83 52 56 5 46 51
81 38 10 41 6 84 9 84 83 12 18 43 33 58 32 18 100 70 32 2 30 11 5 45 7 52 28 48 52 59
91 89 97 35 4 7 40 26 21 76 56 10 31 59 96 46 15 73 1 51 74 38 72 15 69 77 3 19 19 13
62 95 52 54 77 4 16 55 47 81 64 73 32 37 26 62 70 64 24 88 32 67 53 19 30 42 1 11 11 21
48 47 57 23 70 37 70 19 36 93 57 18 30 54 79 17 37 30 81 79 42 22 50 47 77 30 64 1 70 7
65 52 96 34 75 95 64 53 67 16 93 72 39 71 82 60 87 77 27 75 26 28 15 22 9 58 99 16 17 61
4 73 12 64 44 66 44 42 81 80 24 57 42 52 98 61 41 68 63 14 20 7 79 66 97 23 31 4 29 39
73 24 58 36 100 67 17 91 36 49 80 76 72 83 97 61 96 68 23 15 62 82 72 53 65 35 79 22 47 30
16 39 86 80 92 76 82 62 47 56 32 39 26 3 99 7 80 75 76 95 94 93 56 89 81 26 38 39 2 52
66 32 94 15 29 56 79 20 80 23 29 85 82 48 21 26 30 73 72 26 43 60 66 61 27 51 53 23 5 83
11 95 43 11 73 69 16 68 9 78 6 37 2 78 72 76 83 43 75 2 71 1 73 7 12 23 60 42 55 25
1 8 30 64 36 29 38 48 20 78 35 8 45 58 45 90 71 69 78 79 72 49 55 61 14 56 7 21 17 6
83 68 8 89 34 56 82 25 53 39 87 56 68 55 98 16 30 81 33 84 8 12 84 45 61 89 38 71 10 26
7 82 98 3 14 21 99 12 61 9 31 60 54 56 6 96 28 97 24 92 52 38 61 2 68 40 6 100 58 85
84 21 90 3 38 74 54 21 6 44 68 36 24 84 78 74 31 81 27 81 11 92 62 28 3 3 73 52 39 45
29 22 21 94 72 12 52 41 86 72 29 97 63 94 72 18 24 78 92 62 74 6 76 56 54 90 58 7 5 36
53 37 1 11 21 40 46 89 96 1 80 67 58 87 43 46 42 68 28 93 15 12 1 11 16 41 32 77 94 54
55 39 96 23 94 72 77 16 60 31 79 16 59 33 30 17 34 25 7 5 50 34 5 67 75 96 53 51 24 77
59 82 61 45 46 70 56 71 19 3 55 39 57 16 86 40 4 71 7 63 39 100 20 35 23 47 9 91 51 84
30 88 16 47 24 50 34 65 55 46 18 40 57 42 64 23 99 89 76 52 99 30 6 32 84 14 82 31 54 73
15 100 39 36 77 87 55 37 34 96 41 9 84 65 99 87 89 21 36 37 1 17 15 91 17 61 1 100 92 47
42 27 6 47 16 4 49 11 1 62 21 12 76 73 13 45 94 6 13 31 26 72 81 30 30 23 40 67 45 96
27 6 10 37 79 7 41 100 59 92 81 44 84 31 53 47 39 61 31 50 6 15 61 62 20 8 33 2 10 100
27 20 17 1 13 48 59 22 99 70 100 4 91 63 95 29 94 17 6 2 18 54 19 22 72 9 72 50 1 59
97 62 46 20 78 98 30 60 64 84 63 40 37 95 71 97 9 60 38 8 14 80 29 10 35 93 6 57 86 77
38 5 26 34 73 74 49 81 10 52 3 55 39 87 91 29 34 89 29 18 18 48 52 9 83 67 75 12 97 3
10 13 69 48 54 39 100 55 41 18 72 14 50 41 47 25 26 36 98 63 34 69 46 89 90 13 100 36 63 97
55 62 73 82 63 68 36 22 39 70 15 70 93 29 90 27 81 13 31 17 69 82 71 67 72 79 86 43 67 87
98 48 95 100 98 46 28 47 49 44 100 98 54 9 77 47 52 16 16 94 89 87 86 40 80 86 89 60 75 93
15 61 70 8 72 27 93 28 70 96 66 22 66 65 9 82 23 65 33 13 32 28 52 81 57 81 82 67 46 98
85 70 70 93 83 91 37 74 56 95 20 67 52 31 94 28 13 69 73 93 53 56 44 62 45 71 67 55 24 65
13 32 89 89 44 80 27 61 6 69 15 52 35 93 37 45 15 53 82 3 57 24 60 22 79 64 59 100 72 91
31 88 30 13 33 80 83 72 27 15 84 15 21 65 91 28 36 81 64 13 62 57 71 100 72 28 29 85 94 62
64 3 6 94 52 36 35 19 72 66 48 82 4 98 64 21 83 8 1 61 20 81 56 88 17 89 21 47 71 15
57 81 20 30 2 59 41 84 24 39 13 34 95 99 46 46 53 75 58 4 19 51 81 40 79 26 67 47 29 20
83 74 35 30 100 53 63 1 66 78 26 59 91 82 24 19 41 5 72 39 10 67 9 93 50 47 79 32 14 10
32 78 49 75 65 77 63 19 16 64 78 60 3 30 81 29 29 84 97 77 75 1 38 40 9 8 69 54 8 5
65 56 28 10 67 41 97 76 59 33 97 86 52 89 55 91 24 45 44 27 69 16 33 74 76 40 100 70 31 34
51 56 77 36 15 37 3 65 63 32 61 6 6 4 3 55 34 44 27 15 10 1 100 54 90 55 75 72 65 41
8 23 44 9 25 51 55 22 59 50 81 3 88 1 20 24 65 37 46 1 97 36 83 2 78 17 85 20 7 5
41 42 34 14 49 90 61 23 31 52 73 98 38 14 36 21 2 62 19 31 68 63 88 29 9 98 42 53 56 65
14 82 50 52 40 8 98 71 70 77 94 73 45 8 84 63 19 86 85 49 32 26 63 4 51 91 52 23 21 20
