20 20 30 3
6 7 8
19 17 12
20 8 19
19 11 10
16 11 18
10 7 19
19 20 11
17 9 18
8 14 9
14 17 19
8 15 18
8 8 20
15 16 16
8 5 8
19 17 6
14 10 18
5 20 7
9 5 14
19 5 10
20 14 14
10 5 17
10 8 11
15 6 14
12 13 20
5 18 12
16 7 20
10 15 17
7 13 13
6 19 6
13 8 10
126 138 162 255
125 101 361 434
125 324 338 334
18 276 188 334
91 294 412 395
43 88 147 252
20 321 297 474
102 240 184 469
118 341 287 494
52 122 407 217
123 138 336 423
119 274 291 378
115 248 392 197
93 211 217 484
23 101 255 236
48 236 259 346
72 289 160 357
13 314 357 482
77 116 355 384
60 169 404 388
81 94 64 52 45 81 46 9 89 12 53 71 51 68 43 49 12 13 53 64
93 88 92 64 85 25 89 92 53 3 100 22 28 89 13 43 36 68 40 44
61 56 65 55 80 62 18 83 45 27 54 89 100 3 2 3 49 42 18 78
65 11 44 64 2 63 10 82 47 6 65 77 68 58 25 15 3 55 65 90
31 11 3 13 75 26 23 71 98 18 19 73 7 19 96 29 74 31 50 90
75 38 10 16 92 10 21 92 48 2 21 32 51 64 2 44 79 7 69 25
88 100 92 11 20 27 14 20 57 38 69 29 15 82 63 64 94 6 86 38
72 41 99 43 89 28 81 16 61 37 42 18 33 93 31 61 75 44 7 4
97 4 59 68 92 52 97 39 44 48 2 65 33 20 64 17 49 71 16 51
34 23 49 74 17 46 1 100 14 47 14 37 98 30 62 21 9 67 16 37
32 68 95 52 55 81 75 86 61 44 53 95 45 33 32 10 26 76 62 32
80 86 18 32 29 27 76 81 84 54 58 14 77 35 52 15 100 94 55 27
94 22 70 43 6 68 7 45 27 15 5 29 6 25 98 29 25 15 6 76
26 39 53 29 18 91 31 59 75 13 26 46 75 35 17 47 89 74 51 24
36 4 60 3 1 8 60 8 83 11 34 55 94 32 60 50 19 82 96 58
37 11 7 72 66 96 85 86 53 21 6 52 44 58 73 71 76 54 74 23
31 46 84 93 94 84 94 45 27 42 25 49 55 68 73 50 19 93 85 26
44 72 6 57 33 77 89 86 19 88 57 8 84 76 64 37 18 12 96 91
59 96 30 91 82 36 18 93 55 35 1 51 87 96 72 75 35 93 72 10
59 11 23 80 55 81 11 53 38 11 7 85 98 34 54 96 57 91 5 53
27 17 27 22 18 46 62 96 21 85 3 58 94 82 30 94 74 87 32 35
47 16 68 77 16 90 75 48 32 44 7 1 77 31 87 94 90 75 34 32
31 61 9 42 65 33 4 89 16 75 21 44 34 42 4 57 73 81 49 92
49 65 52 50 66 71 79 59 36 67 7 6 24 61 76 95 68 32 91 91
94 37 63 29 2 13 56 11 11 24 26 49 77 33 60 67 98 81 35 58
15 18 2 18 2 41 99 57 62 45 10 40 5 83 65 89 45 50 20 92
17 59 42 29 73 24 64 54 74 13 95 66 5 7 75 66 12 21 47 12
60 34 19 32 100 43 8 18 27 29 40 58 37 89 91 9 81 90 58 91
54 73 2 70 64 65 82 49 35 39 77 45 100 36 60 46 3 36 31 34
22 21 40 74 15 50 58 13 43 58 1 94 1 32 91 32 41 48 31 64
52 86 3 71 23 10 89 61 21 57 71 82 20 18 49 98 99 89 50 43
2 51 78 75 6 61 98 97 44 3 85 81 27 98 29 16 57 30 75 44
40 49 70 65 50 29 4 4 17 11 7 71 32 25 76 100 25 15 87 49
39 81 41 97 90 47 92 97 23 81 34 89 51 2 83 44 23 22 41 64
47 54 6 10 34 89 56 68 65 26 35 40 89 60 47 8 32 17 62 74
2 83 83 19 10 67 36 28 13 40 2 72 14 8 6 13 99 55 94 96
23 7 87 10 71 77 21 92 31 90 92 46 60 26 25 50 61 9 47 99
28 81 52 44 7 36 64 36 96 99 6 16 15 59 64 78 18 60 78 93
42 83 41 26 96 23 86 30 54 87 27 26 25 56 50 42 59 24 66 74
11 12 82 78 9 85 77 66 72 44 14 9 25 15 28 33 84 65 49 13
6 81 41 53 78 87 95 15 98 53 67 14 47 21 17 31 16 4 3 50
3 94 87 19 32 3 49 94 30 84 15 84 28 61 50 94 90 34 46 79
30 55 24 53 51 98 73 37 56 97 55 92 23 38 72 8 92 3 82 8
83 13 74 77 65 38 22 76 18 36 93 30 29 93 86 54 34 22 82 15
40 2 14 40 96 62 88 25 44 79 94 5 86 72 53 51 12 82 40 50
38 61 90 70 66 85 48 35 50 93 90 23 22 5 98 29 35 4 100 77
39 66 18 89 9 7 23 45 21 93 1 55 70 90 5 27 40 69 60 65
8 24 80 5 59 69 83 64 10 51 35 71 16 22 44 35 81 8 14 8
16 75 91 100 16 73 100 36 39 68 31 48 17 93 13 17 95 10 73 58
90 19 85 78 2 19 10 11 29 4 69 49 24 32 15 29 27 2 36 92
5 1 36 57 65 12 91 61 66 14 59 27 6 75 65 85 97 85 17 99
28 71 39 27 87 56 64 44 20 46 12 16 4 32 33 24 41 3 18 25
40 61 78 19 13 39 98 82 93 16 93 64 14 28 59 70 89 93 81 44
92 56 81 7 19 30 99 61 84 54 86 51 17 64 25 22 63 17 18 64
5 82 3 97 56 78 82 99 64 6 40 92 31 9 66 86 4 38 72 45
1 28 71 69 67 24 33 22 60 18 87 61 51 73 74 54 69 72 6 86
71 86 4 79 31 46 29 75 89 68 99 85 85 21 14 40 68 86 94 74
6 57 39 52 35 40 44 56 35 53 75 56 83 84 67 94 9 64 13 18
49 84 3 32 83 33 44 96 6 26 30 66 18 73 48 2 40 1 21 2
95 51 38 18 64 41 80 26 29 92 33 63 35 4 54 64 53 31 23 46
126 346 392 234
125 332 108 365
125 311 296 105
112 265 153 494
42 328 273 165
67 104 292 200
83 275 399 237
58 321 248 261
108 133 139 485
41 163 211 458
120 153 199 320
23 121 400 422
55 277 298 212
38 139 109 243
81 241 214 293
55 150 224 314
110 100 311 286
102 91 219 193
27 279 312 234
99 221 227 380
94 31 39 87 4 38 47 32 3 58 100 51 49 29 18 91 53 22 34 54 82 45 22 33 46 27 10 54 54 77
3 49 8 47 13 65 71 55 73 77 85 77 84 99 55 60 1 8 86 66 55 74 37 69 78 53 86 89 31 57
39 84 82 81 62 54 37 13 29 1 85 90 4 74 70 48 10 44 41 36 19 73 55 40 26 70 60 48 30 64
62 17 3 98 93 95 16 70 12 31 6 68 14 10 56 24 96 96 75 72 15 45 72 12 38 39 25 86 52 16
55 45 36 38 32 43 78 56 61 82 55 69 40 39 99 11 32 30 96 78 36 94 86 78 69 90 58 21 81 91
75 13 69 98 3 78 96 7 42 33 55 14 79 12 14 34 98 79 95 86 83 76 20 6 91 29 31 93 39 87
96 89 46 24 98 63 33 55 13 61 57 30 18 84 87 49 13 14 6 13 12 68 35 42 95 64 17 51 100 34
89 2 48 67 55 19 5 55 99 50 48 73 22 29 50 90 33 92 27 93 27 86 11 32 29 6 25 30 58 60
56 20 39 60 32 72 69 50 21 91 40 10 46 84 76 69 13 35 80 40 83 49 12 18 32 5 22 26 54 32
10 28 30 11 44 20 83 49 72 53 16 21 19 63 99 83 87 12 57 50 63 67 14 75 59 41 34 1 54 94
89 80 26 22 24 27 70 32 50 100 47 62 16 21 68 78 2 3 47 72 52 9 86 40 28 10 23 91 98 21
77 84 78 40 21 30 37 70 94 41 35 7 51 48 93 58 39 22 77 99 58 93 65 42 76 43 71 30 14 71
94 41 74 59 70 89 51 21 30 81 60 70 85 87 51 65 57 7 77 65 80 25 66 79 92 28 68 4 78 76
8 90 85 30 17 64 4 20 2 14 93 68 23 3 15 31 97 100 93 23 76 32 54 32 44 78 16 3 51 40
54 54 12 73 48 18 7 45 50 98 100 98 71 59 33 97 24 84 54 53 45 39 78 35 40 36 79 58 65 62
18 15 28 42 26 45 66 77 2 100 54 11 89 17 43 98 69 75 38 25 74 45 18 34 4 34 22 17 65 46
67 77 22 9 83 26 20 87 7 62 92 8 21 91 12 90 50 74 40 23 40 49 24 28 68 20 74 71 17 19
43 93 69 64 7 67 3 30 87 96 17 94 15 15 4 95 6 73 50 33 31 25 15 81 22 57 21 88 32 30
75 52 12 32 87 88 96 56 38 19 55 29 13 9 59 17 7 23 20 42 75 23 3 80 66 68 89 59 97 40
74 44 6 36 6 51 2 52 59 78 36 49 93 37 89 25 61 63 31 52 87 14 93 28 22 28 3 38 61 65
36 55 39 28 6 3 19 14 29 83 10 40 72 59 3 66 80 16 15 96 66 53 63 86 10 62 3 24 57 25
13 93 9 63 71 81 49 48 28 31 26 67 49 25 98 12 63 5 9 58 59 89 16 95 82 12 96 66 2 14
48 56 27 75 91 67 71 29 11 40 53 70 49 3 13 64 79 62 35 12 50 87 100 68 95 4 62 71 39 75
10 28 46 33 36 78 45 41 35 15 85 38 27 17 64 72 77 85 43 50 60 45 18 44 77 80 50 16 67 66
85 26 46 52 95 26 77 12 74 56 32 54 76 67 44 17 66 94 1 15 82 68 65 89 82 18 39 50 29 85
3 86 18 19 60 56 78 5 20 44 15 18 13 60 37 26 72 48 31 54 63 34 64 97 10 60 92 33 99 37
40 47 36 94 70 21 73 82 12 94 75 70 11 1 66 73 20 38 67 20 20 71 3 41 12 18 65 85 11 35
2 90 45 11 62 84 76 92 76 30 46 94 16 72 22 11 31 37 83 33 57 16 18 69 62 89 69 87 25 56
96 4 75 3 94 66 98 25 87 47 77 68 91 74 61 79 76 63 66 90 37 55 68 1 32 31 43 70 48 64
91 7 5 20 77 21 19 65 95 71 1 32 44 67 97 22 85 42 22 29 58 9 65 78 69 95 65 40 4 41
92 71 21 97 29 41 49 68 62 49 95 10 84 74 12 34 80 76 98 16 85 30 12 70 75 63 85 56 45 4
72 95 18 76 21 93 15 80 92 63 75 9 98 23 24 75 55 92 68 74 17 54 16 26 96 37 83 56 91 67
51 86 4 65 87 30 80 60 93 24 40 49 7 100 26 59 87 90 26 9 3 46 38 6 8 15 19 61 9 74
27 46 30 20 2 49 67 90 42 91 41 44 79 14 62 50 21 78 28 14 38 33 74 37 13 3 93 14 3 51
2 28 73 3 64 97 8 58 47 25 55 41 29 91 35 2 72 51 45 7 100 58 20 88 9 52 9 33 33 88
40 75 60 37 35 3 58 26 70 68 56 21 50 84 22 33 97 45 16 21 73 64 46 4 12 8 22 99 42 52
5 49 32 10 33 67 30 24 65 44 83 81 22 95 6 93 12 25 36 20 30 59 15 34 44 5 51 19 67 77
62 94 78 74 74 75 53 44 17 54 84 33 30 65 66 86 70 3 78 3 37 57 55 41 2 59 31 99 6 70
25 23 8 48 33 69 82 69 17 100 42 56 3 9 19 11 21 100 99 3 1 50 71 70 73 63 69 70 95 87
44 53 71 35 40 27 62 11 58 93 40 14 19 36 26 21 20 65 31 78 68 33 94 13 28 31 35 91 15 20
72 4 2 11 3 29 98 83 9 12 26 100 28 71 17 31 58 19 76 54 48 94 80 46 69 57 18 77 98 72
84 42 84 7 77 4 45 37 50 47 62 16 63 81 51 89 12 61 16 84 69 77 96 69 20 88 85 95 68 12
36 59 21 61 85 28 50 25 38 11 19 60 2 68 34 58 5 1 99 76 97 68 16 76 90 40 24 84 2 98
41 61 25 2 58 52 88 97 86 48 34 29 28 90 5 83 59 87 70 37 86 9 83 96 88 30 22 52 75 15
44 98 73 49 64 66 19 44 58 90 57 19 93 68 70 28 81 40 76 90 100 28 11 71 81 99 27 94 51 17
34 45 19 28 82 78 82 54 71 62 80 75 100 11 87 6 85 43 82 51 87 1 20 88 85 24 29 47 43 1
93 71 66 94 59 6 50 27 79 48 76 37 63 8 20 48 45 74 76 87 23 59 42 32 46 30 55 85 20 13
24 80 76 6 24 45 43 2 56 87 78 32 9 5 84 92 56 13 96 78 49 93 2 96 62 41 51 75 60 71
8 77 92 31 47 43 91 98 92 19 71 89 33 88 54 24 23 10 79 48 7 59 82 74 77 92 28 9 100 12
51 84 74 53 23 19 5 73 3 56 76 50 45 40 11 95 9 4 31 54 65 21 92 72 87 44 12 1 94 36
81 89 42 42 15 100 56 79 82 5 10 52 43 97 39 68 90 64 18 67 26 41 53 92 34 55 62 79 44 46
42 40 62 90 44 61 8 95 74 20 55 5 20 36 19 61 11 5 81 43 90 55 18 5 63 58 45 31 10 63
16 41 71 48 54 89 1 96 55 64 52 93 1 43 91 15 87 61 45 71 14 16 75 83 33 18 77 9 33 34
1 87 78 63 35 9 52 20 54 72 7 6 95 70 25 32 33 22 54 33 29 46 59 72 80 26 87 28 49 11
28 15 42 23 30 69 30 2 74 86 42 45 81 98 91 48 90 77 97 90 15 94 14 97 94 26 31 26 21 48
74 88 98 71 35 97 91 96 89 42 79 22 33 24 79 50 69 3 82 69 94 17 32 21 7 65 7 93 9 92
20 46 31 8 24 14 48 42 22 38 56 25 77 26 38 64 63 91 47 39 60 71 13 2 37 85 91 2 6 22
63 47 81 75 85 92 64 16 1 76 11 32 79 82 49 68 93 77 93 8 13 48 13 5 16 25 98 56 42 50
18 83 44 58 15 9 80 49 58 88 27 2 37 31 47 58 31 43 36 65 79 46 23 22 67 89 28 66 18 41
58 28 24 38 49 33 69 92 82 60 100 32 70 28 47 82 63 55 40 4 17 67 56 80 28 2 58 99 5 97
