15 15 30 3
20 7 20
18 14 11
5 5 14
18 5 9
8 16 11
19 6 11
18 8 7
20 14 16
8 11 5
9 6 15
5 20 12
7 13 15
16 20 6
17 9 11
19 19 17
17 14 13
16 11 5
13 15 14
8 11 7
18 10 7
11 14 7
6 12 15
8 6 20
20 14 5
10 18 19
13 20 8
18 18 17
19 9 5
12 13 20
14 11 6
409 316 276 160
231 345 194 405
72 295 191 176
57 352 189 454
321 342 319 443
89 246 323 186
351 273 346 350
224 217 281 155
150 253 331 173
395 256 330 147
37 259 198 376
65 223 189 320
126 285 208 378
366 228 268 255
313 262 283 170
76 93 37 41 10 65 48 33 58 96 23 96 87 72 61
85 17 22 90 80 93 24 68 24 11 61 11 81 96 74
86 22 10 28 18 46 92 52 51 64 58 62 14 78 32
52 91 95 74 80 47 87 63 76 72 59 7 82 61 19
26 75 38 22 77 91 59 91 50 68 41 85 74 95 14
23 54 70 39 96 53 26 10 48 26 80 84 51 42 9
86 58 84 70 93 60 58 31 19 72 25 3 52 73 52
58 70 13 68 26 70 69 98 10 89 6 75 47 25 69
77 4 92 65 13 40 59 92 70 5 69 8 97 21 30
56 53 19 7 95 99 84 36 45 93 69 40 56 30 82
67 40 46 86 80 92 62 97 46 68 57 71 10 13 97
29 47 18 4 60 47 94 2 36 23 64 54 16 3 29
21 39 21 35 83 97 16 76 91 78 94 32 9 27 10
29 98 93 59 12 27 97 74 1 13 9 70 31 90 83
49 90 73 42 99 40 11 43 46 40 93 43 14 56 34
33 4 37 8 34 9 85 48 76 55 32 41 78 88 54
47 20 71 33 70 80 42 23 77 87 95 37 95 73 86
82 20 30 20 64 16 6 92 67 70 2 77 45 1 53
66 29 96 52 98 68 79 1 66 73 56 60 25 67 39
16 51 17 55 72 36 87 56 10 11 11 29 94 64 79
3 95 69 93 89 24 35 31 8 28 79 28 69 97 61
12 4 2 26 71 71 74 2 62 87 91 32 63 21 46
70 2 9 8 56 97 76 8 13 58 20 53 62 72 41
3 98 62 81 42 14 43 88 47 75 96 7 6 20 7
95 63 61 84 34 13 64 44 62 41 98 37 85 19 54
46 82 24 3 7 25 11 87 32 68 80 14 46 39 19
68 64 78 44 29 51 98 59 49 39 43 56 73 83 89
69 62 39 41 76 19 47 98 80 1 89 95 7 58 15
6 48 71 87 99 86 66 68 74 51 4 75 51 10 19
11 22 72 30 44 89 76 37 72 64 6 5 84 51 97
43 6 91 11 53 70 87 56 55 74 6 18 99 85 9
47 51 27 85 16 15 87 32 54 65 85 33 30 28 80
18 88 13 9 37 36 68 88 21 32 23 15 97 95 38
82 91 21 31 31 69 36 71 38 31 64 51 60 36 57
52 41 97 83 6 26 88 73 46 83 95 41 9 59 29
47 19 81 68 24 2 92 92 4 7 47 65 30 31 73
21 55 56 6 52 7 52 45 97 46 74 5 36 10 86
60 98 35 22 59 2 80 51 54 18 89 5 11 99 16
16 30 70 35 65 14 32 31 62 32 35 28 66 56 53
75 5 18 3 50 82 76 73 99 88 7 77 68 58 64
4 73 91 88 71 7 92 1 51 34 45 2 13 68 56
72 46 92 6 75 62 82 36 93 33 73 52 85 3 29
42 56 69 67 7 61 51 62 32 67 42 23 59 20 28
63 57 22 80 23 45 42 98 17 91 37 51 61 44 99
52 21 96 62 83 88 19 63 74 23 37 53 8 13 15
409 190 202 147
79 262 300 372
64 246 182 368
202 278 340 369
246 236 282 281
86 191 264 484
63 208 307 386
317 195 341 398
51 244 219 284
173 298 289 206
149 257 219 172
215 341 257 102
273 270 245 468
6 257 229 145
143 330 216 170
66 48 33 94 89 51 12 52 89 70 69 31 30 57 35 9 32 12 15 20 1 90 54 77 64 58 76 24 33 28
19 95 14 38 72 75 82 98 59 48 100 64 83 97 42 11 71 95 11 29 78 23 26 4 53 63 33 36 97 16
50 6 83 48 25 91 42 7 89 49 36 55 9 18 21 59 2 87 100 38 18 6 45 27 15 54 21 73 52 65
25 50 15 76 62 92 69 4 18 72 33 53 90 34 18 11 2 76 78 63 9 40 74 88 70 4 40 21 55 40
47 75 100 81 10 17 95 97 92 21 1 52 39 78 9 6 24 50 9 10 35 62 5 25 35 49 9 16 81 33
17 94 15 46 69 41 32 100 21 18 58 73 76 37 62 21 46 10 42 4 70 50 36 78 35 97 4 61 43 1
96 11 14 6 6 71 5 43 49 42 16 25 92 40 79 63 8 6 62 32 69 78 46 62 1 19 75 32 84 52
48 96 91 61 41 95 26 19 85 49 8 73 12 53 46 85 3 79 21 56 22 14 6 46 20 86 38 5 51 76
63 30 57 49 46 79 73 12 55 94 18 78 82 28 82 95 74 33 15 48 89 22 24 95 41 35 52 34 46 31
17 93 18 70 61 93 44 82 71 22 88 17 36 55 94 33 76 88 58 39 41 76 47 19 40 8 42 26 53 91
90 34 74 2 54 13 25 75 100 49 8 9 39 99 59 48 74 99 85 99 68 40 76 9 5 59 27 29 37 93
68 69 47 90 73 10 9 92 6 1 55 1 83 52 100 39 83 92 28 26 33 84 58 50 22 68 78 53 29 75
28 73 56 20 11 21 73 5 23 98 8 87 100 67 43 14 41 35 64 97 18 52 88 38 98 12 99 75 93 12
26 14 65 12 6 71 32 30 53 41 59 48 51 75 95 91 22 72 14 88 94 43 81 27 13 29 100 33 94 70
46 47 18 44 65 68 21 15 23 99 68 41 39 9 21 77 65 39 7 18 88 91 75 79 29 30 16 19 48 38
45 19 79 5 72 71 73 62 7 14 54 88 80 30 18 38 82 97 71 28 77 91 72 63 76 75 38 19 70 32
58 9 8 64 57 61 16 6 7 72 45 68 46 61 51 25 61 61 39 86 62 24 75 92 33 14 88 96 4 98
75 4 83 76 14 60 22 34 93 13 15 99 50 70 3 38 98 52 15 71 26 46 18 21 53 28 22 34 37 68
99 100 12 54 67 100 81 45 18 51 22 29 8 75 30 80 28 87 20 86 47 2 62 66 13 82 17 2 44 39
42 48 98 65 53 44 94 73 16 24 64 8 64 19 21 13 99 98 16 8 38 40 55 79 88 1 35 90 100 86
63 11 61 36 70 39 88 13 34 82 81 67 14 38 68 68 21 10 22 63 7 42 31 8 54 33 79 55 29 61
47 84 23 63 64 51 69 18 55 55 11 8 12 12 27 13 97 64 89 64 3 60 41 77 15 43 43 40 61 27
48 91 75 75 13 31 69 60 78 1 92 11 14 25 57 28 26 26 74 72 87 18 41 11 58 41 45 15 90 7
82 92 20 73 45 73 84 4 51 74 19 83 82 81 88 44 58 100 49 52 50 42 82 94 71 61 56 87 17 73
27 32 42 11 30 93 72 64 40 81 8 66 52 47 63 60 82 25 95 20 6 84 67 46 1 29 98 51 11 69
55 80 47 91 3 28 64 32 42 55 29 81 69 13 11 65 6 42 42 77 12 18 24 3 30 95 30 63 55 3
67 45 79 81 94 6 20 45 79 70 93 64 40 81 7 35 58 13 40 24 33 22 12 44 99 76 76 61 70 36
46 70 62 3 49 28 65 99 90 31 36 28 70 56 31 20 13 21 8 51 29 43 55 88 82 51 8 17 91 96
71 32 22 29 27 25 50 46 89 76 6 64 48 38 82 2 49 52 15 50 91 33 32 24 57 8 54 85 75 50
79 28 25 98 72 53 80 48 64 81 67 20 27 61 12 51 6 79 62 67 59 53 52 84 95 49 40 54 7 78
88 78 52 72 17 2 22 82 64 68 68 74 22 2 87 14 13 8 15 7 15 41 47 96 47 95 35 53 79 74
52 55 49 7 73 74 3 30 68 81 71 73 75 76 15 56 38 24 21 63 31 77 38 36 79 59 79 83 62 44
13 2 71 83 88 89 22 8 63 3 15 77 90 48 52 45 18 36 92 99 25 38 64 93 78 4 100 20 54 36
55 75 8 4 79 71 62 40 50 23 71 59 3 91 17 45 76 35 25 94 22 51 77 40 47 36 12 56 19 68
79 92 16 27 66 76 28 34 16 96 49 17 45 98 38 57 19 82 56 77 30 53 59 24 59 16 78 28 39 4
43 20 1 88 42 72 37 21 83 6 39 8 3 57 24 50 63 7 49 8 50 54 6 40 85 73 64 7 19 78
50 77 87 34 85 14 97 67 65 34 55 38 90 50 36 12 96 80 92 59 63 52 58 36 42 55 94 24 4 27
40 88 82 54 33 3 56 61 4 53 66 57 40 38 33 49 60 4 41 64 86 30 42 94 85 62 55 72 4 22
82 77 61 84 58 48 39 23 11 54 45 68 42 11 28 12 87 38 54 92 58 68 84 32 83 54 15 98 6 72
75 76 29 4 85 18 89 35 13 39 41 4 7 85 95 45 53 75 93 36 95 13 37 69 41 4 100 27 94 99
15 80 14 34 11 72 38 16 34 35 47 94 83 53 56 44 45 12 49 10 68 76 100 3 18 70 51 10 31 72
97 92 73 23 74 48 92 25 64 32 9 57 87 51 64 65 89 54 48 47 25 48 48 82 48 47 48 6 22 84
99 66 8 66 40 26 73 86 58 79 58 98 75 37 36 54 98 41 55 17 98 54 20 66 69 70 85 24 55 45
46 65 95 85 50 6 31 65 25 75 89 52 64 72 7 18 65 24 47 77 33 46 93 41 12 73 32 4 86 63
60 48 99 91 36 91 100 24 52 28 12 58 100 70 92 68 43 40 67 81 35 100 2 39 10 72 22 9 67 88
