10 10 30 3
16 14 12
7 11 16
16 16 7
15 19 13
6 12 15
15 13 15
7 20 13
20 15 11
19 16 17
14 16 8
19 13 16
14 12 12
5 11 14
15 7 18
12 8 14
5 10 12
16 12 6
12 14 13
6 7 13
5 15 11
15 11 6
13 12 14
13 18 16
5 13 6
20 20 16
10 11 11
16 18 16
18 7 15
15 10 17
16 20 15
128 210 352 195
128 397 134 124
128 401 194 495
43 175 153 281
60 298 159 249
15 251 298 154
29 178 368 268
35 382 333 254
107 129 225 170
32 202 272 151
77 50 85 6 98 47 29 30 100 30
30 51 96 10 61 67 74 82 64 22
86 57 87 68 18 51 10 22 11 70
97 60 66 97 28 9 74 20 48 23
61 63 100 51 11 88 40 15 19 52
36 31 43 85 64 70 93 94 93 82
75 88 79 58 49 73 99 16 26 60
93 23 32 86 61 49 80 44 27 75
38 65 20 75 42 52 13 90 54 88
53 73 81 72 7 61 85 2 82 65
35 87 99 43 1 3 38 84 93 54
11 44 20 18 74 27 88 41 64 11
47 47 12 82 30 86 54 26 58 17
88 46 63 71 10 98 81 49 1 56
32 8 2 21 67 57 80 64 24 82
54 86 62 85 26 25 51 8 74 99
32 92 64 46 23 27 44 30 10 68
78 13 72 66 68 62 47 99 55 62
59 65 23 40 85 66 5 91 11 58
36 95 85 46 70 1 41 40 93 60
81 77 85 16 100 34 66 100 3 53
64 21 58 68 64 34 72 72 28 19
69 9 59 41 50 35 44 87 18 13
37 60 16 33 29 30 41 13 89 16
30 36 96 33 52 21 66 24 4 85
84 66 2 2 21 15 59 21 36 100
49 45 38 19 15 14 85 50 35 78
79 31 32 20 55 77 62 57 39 59
69 91 77 16 65 19 77 81 40 95
84 12 81 14 91 41 73 87 69 90
128 121 230 216
128 256 360 391
128 312 130 479
93 380 200 355
118 127 380 257
45 177 248 229
115 287 321 346
29 301 370 392
43 224 347 228
51 151 237 357
20 67 65 7 9 43 44 97 100 74 4 95 94 23 79 57 63 2 27 33 84 79 58 2 53 63 92 35 82 14
67 48 18 6 29 83 84 62 32 51 3 80 1 93 85 48 42 49 34 92 88 51 97 22 36 41 63 48 49 22
76 70 73 65 70 28 77 7 29 50 19 95 24 12 89 54 25 79 17 49 18 58 58 4 63 65 97 17 43 93
64 94 41 91 89 54 65 13 76 77 39 48 3 40 28 7 49 29 92 63 92 65 47 75 41 27 23 81 20 94
98 86 66 18 9 6 49 90 25 79 53 32 53 50 72 53 75 14 21 30 14 83 17 26 93 89 41 6 13 40
15 92 75 11 63 46 38 64 7 71 11 80 22 41 59 37 44 77 76 23 41 66 26 55 78 30 43 48 4 59
72 82 39 11 39 15 60 82 36 27 86 57 70 37 32 61 54 44 32 68 69 28 47 63 48 79 16 59 42 45
64 95 13 22 61 11 87 27 24 47 26 3 93 99 87 40 81 63 84 9 77 16 59 14 69 10 29 85 31 62
47 85 64 63 38 49 7 93 52 4 97 71 46 20 26 67 56 65 30 96 6 58 23 23 8 77 14 2 85 19
33 36 11 21 49 96 47 48 57 67 78 10 64 88 93 6 26 88 94 11 11 82 44 89 20 12 24 33 89 16
44 64 34 32 70 44 65 84 31 84 35 85 67 56 22 69 42 37 72 9 73 67 82 89 30 99 89 92 1 75
93 56 33 29 64 61 58 65 15 1 90 76 41 40 62 31 73 55 81 40 41 43 23 38 99 39 14 86 70 84
10 63 13 48 82 36 66 38 25 97 89 16 23 64 11 13 83 58 19 39 75 12 73 91 99 79 93 100 75 61
67 77 49 8 6 32 91 70 2 7 9 12 91 17 42 92 20 80 100 64 31 12 29 52 13 97 9 1 49 88
81 35 23 4 52 63 85 58 43 75 47 98 67 92 7 9 26 11 34 67 100 30 6 6 41 28 92 71 40 99
59 84 96 30 30 80 81 44 42 40 94 72 74 88 1 75 88 85 27 95 69 98 55 98 17 4 38 17 26 11
24 71 84 88 64 80 17 24 58 74 87 79 84 34 26 38 77 92 75 15 3 46 38 5 34 23 93 94 86 70
30 47 44 1 95 99 15 68 79 20 89 61 58 78 100 39 67 48 3 10 92 47 82 47 19 53 90 41 20 32
22 18 88 66 12 1 28 37 97 17 33 92 42 74 94 83 88 29 17 43 1 31 9 34 96 54 91 83 82 38
60 78 18 82 96 45 34 18 29 88 25 97 33 56 55 66 95 13 50 8 90 10 71 1 91 42 53 17 25 7
63 81 57 62 52 61 28 59 64 98 71 30 72 80 2 40 75 95 85 57 91 40 86 46 97 36 96 36 8 9
41 56 51 57 82 36 42 45 57 17 63 24 46 4 81 76 84 33 5 5 55 61 7 28 8 15 24 66 60 36
8 75 85 51 44 81 1 21 94 19 34 20 89 68 42 63 72 76 73 21 46 97 37 2 10 90 80 14 75 31
4 25 4 24 83 71 80 78 1 95 11 51 19 86 36 33 23 17 4 17 84 64 60 65 11 96 55 72 48 54
2 100 53 30 20 14 100 31 17 66 8 64 95 91 88 30 61 89 68 75 10 12 45 25 95 78 22 15 63 53
26 75 73 25 38 52 34 86 73 29 57 50 97 65 56 96 7 60 44 5 63 88 1 37 90 40 3 62 69 2
77 30 59 70 83 9 10 33 84 59 78 85 37 58 76 58 22 100 22 76 25 16 86 42 31 96 6 36 92 5
24 25 99 22 76 77 82 15 43 73 7 71 23 21 36 52 71 45 33 61 94 47 69 49 68 27 48 89 88 36
34 30 99 12 5 10 97 10 23 84 54 59 96 47 93 39 13 64 96 89 77 77 46 92 26 90 51 6 51 9
56 37 76 76 19 83 38 87 25 98 44 20 30 81 73 91 53 69 68 34 51 93 50 82 57 80 8 99 47 17
