15 15 30 3
5 14 11
17 7 9
6 9 6
8 12 14
5 11 15
13 10 6
19 14 19
15 16 20
15 19 19
9 6 13
6 16 18
19 16 15
9 5 15
5 14 16
13 19 17
8 9 7
7 13 14
17 6 6
19 8 7
7 20 12
15 20 11
20 7 20
9 15 14
5 6 14
20 17 13
19 10 18
13 12 11
12 8 5
8 15 7
19 11 5
52 216 201 163
52 173 83 272
52 132 126 320
52 178 118 379
51 209 59 407
51 108 307 499
51 182 236 213
32 66 241 307
6 211 312 218
25 324 62 127
27 65 201 227
36 103 140 407
41 71 194 433
50 328 150 397
31 262 184 222
43 17 33 52 16 17 96 26 20 95 91 35 20 74 69
42 18 71 24 49 80 13 53 88 54 14 35 85 78 43
19 18 9 6 66 14 67 54 78 43 97 62 1 10 91
7 34 70 95 62 34 96 98 10 73 68 78 93 76 77
85 32 98 66 91 45 3 4 51 11 52 33 98 85 74
35 16 28 8 84 31 6 8 34 32 6 52 75 51 19
64 64 69 6 66 95 5 71 51 63 21 70 87 81 84
79 10 5 90 60 33 54 69 26 33 24 46 81 69 12
76 31 21 59 52 27 72 58 54 85 12 20 73 68 47
22 47 65 34 35 56 64 45 74 1 16 95 87 31 86
65 21 39 51 97 79 93 89 21 74 10 75 63 62 57
37 43 82 57 55 63 55 24 46 33 72 43 76 30 27
65 66 56 13 78 40 44 12 72 29 86 43 100 27 14
60 83 73 21 88 4 35 82 95 38 78 8 56 23 35
81 20 18 59 8 11 34 67 52 100 15 87 79 11 77
25 99 35 13 18 89 58 99 46 88 68 68 96 40 72
47 51 53 44 84 73 24 97 80 25 2 35 89 9 1
28 14 83 18 59 44 3 90 20 63 14 64 42 83 36
3 4 41 56 24 3 3 68 24 4 94 5 50 50 48
8 31 35 73 63 70 25 68 44 85 97 58 20 18 93
63 91 19 88 39 98 97 34 36 39 61 40 78 47 58
18 47 73 36 9 26 77 39 91 50 48 81 46 69 2
55 34 57 49 52 71 45 69 84 22 51 64 43 14 48
57 46 13 72 60 43 91 93 69 22 20 96 54 81 40
26 62 10 44 75 47 19 66 39 14 53 64 39 7 16
91 14 46 2 86 90 53 36 68 50 97 19 74 73 30
8 48 2 6 66 21 67 1 42 18 96 70 80 11 92
17 27 76 61 63 27 90 58 21 24 3 35 53 37 61
15 39 18 65 87 84 100 7 25 85 80 30 44 26 47
55 98 90 81 45 90 66 92 57 17 91 42 40 32 70
15 26 37 23 43 75 35 67 88 16 98 25 51 35 87
75 57 36 72 27 21 97 68 92 61 60 55 67 20 73
94 13 68 61 23 22 54 3 60 61 91 19 37 70 92
71 80 91 79 41 87 10 8 89 55 75 87 48 41 82
37 89 74 9 16 96 59 54 23 39 27 16 66 5 43
20 66 3 97 66 53 83 69 20 45 40 41 94 79 68
57 81 63 15 90 59 13 62 13 94 64 100 90 14 10
39 29 38 70 68 93 81 39 88 16 95 66 76 97 73
68 99 59 21 13 52 88 39 4 25 95 41 9 33 28
26 12 96 10 7 98 12 89 77 59 31 81 69 91 63
76 61 30 37 16 44 10 73 4 27 95 25 87 85 37
75 48 56 90 64 2 84 3 93 61 6 97 1 18 6
99 90 67 97 45 85 28 53 46 70 85 37 54 8 49
6 20 78 94 61 90 86 67 36 19 53 47 20 76 40
95 28 35 19 35 61 12 69 96 93 12 37 21 47 63
52 355 246 426
52 288 167 319
52 236 358 136
52 239 306 312
51 259 292 199
51 144 323 219
51 179 98 108
7 301 194 214
47 226 325 298
42 177 53 292
14 284 203 475
22 125 208 404
49 240 149 243
39 82 98 433
37 69 370 247
88 54 48 6 16 26 100 39 82 49 68 70 65 77 1 19 42 25 15 91 96 53 24 13 33 14 82 45 17 45
44 43 76 4 40 64 33 1 66 80 89 28 59 88 20 88 81 37 46 43 23 96 54 1 28 28 90 62 63 43
35 57 65 38 60 32 56 81 37 26 13 52 69 90 94 15 14 11 97 4 31 84 83 93 39 79 99 38 17 13
100 33 60 81 60 85 52 7 56 49 3 92 76 21 19 72 9 72 72 81 98 28 22 69 75 58 83 44 99 76
10 16 5 10 82 8 69 20 22 55 57 94 31 38 99 71 31 91 46 92 83 39 20 84 60 8 72 54 98 34
68 45 31 61 87 91 5 69 11 20 59 84 96 11 54 77 93 75 91 98 65 40 78 20 79 21 48 57 73 11
86 76 44 36 65 10 46 92 96 19 64 28 37 40 32 56 86 72 32 22 74 44 26 49 54 92 54 67 36 67
26 9 76 50 90 25 81 60 69 36 70 62 66 1 60 65 61 42 44 64 69 43 84 82 9 5 89 29 70 33
52 88 61 14 97 77 60 63 89 57 78 64 95 18 45 98 94 29 43 87 57 49 54 21 78 77 21 17 12 45
46 47 47 23 87 38 78 12 59 85 15 15 12 16 99 71 39 48 7 35 53 78 18 13 58 44 60 74 97 24
28 72 23 1 84 30 11 64 45 9 16 11 64 83 84 11 64 26 96 64 8 20 6 95 42 100 20 72 74 30
2 14 72 4 38 83 38 69 92 69 43 57 51 42 15 76 93 77 18 77 64 72 88 66 31 22 89 62 83 59
40 92 43 68 75 83 80 77 36 30 73 53 43 93 98 25 81 50 85 86 98 14 19 68 45 76 19 30 8 50
53 17 7 78 77 87 40 96 23 51 11 47 33 56 4 25 60 57 36 35 82 72 66 23 27 55 7 17 95 69
94 92 30 31 92 53 43 81 89 52 58 3 16 44 1 31 73 56 54 34 93 72 29 58 50 40 6 48 59 44
95 17 93 100 30 89 67 36 47 83 96 35 50 13 16 87 17 1 96 49 79 27 46 9 79 77 93 52 76 35
34 38 97 14 29 77 34 41 96 43 19 75 76 12 60 10 44 100 93 45 6 46 63 43 100 61 64 44 25 68
72 53 65 63 60 93 42 93 46 68 99 15 6 22 63 63 51 3 4 68 97 80 44 96 78 84 46 9 3 99
5 32 85 74 87 89 75 22 59 98 65 100 1 2 31 4 55 50 67 1 26 66 75 25 27 18 98 82 52 24
68 74 45 69 79 1 93 93 91 92 68 28 93 87 2 61 76 24 66 59 92 18 31 21 87 55 53 27 78 58
21 99 33 83 70 30 47 79 88 58 18 25 43 73 78 85 85 66 50 14 23 70 8 19 86 44 59 82 62 23
62 85 24 33 64 85 86 71 35 93 27 16 54 9 4 56 2 8 3 70 22 94 16 73 68 73 56 58 45 83
18 94 99 78 59 47 46 96 81 48 47 15 84 22 19 37 34 44 32 2 3 8 59 11 14 15 89 62 40 44
25 32 51 20 27 70 69 7 40 3 25 76 16 92 66 93 58 53 27 38 28 61 68 21 77 64 74 96 24 77
92 68 62 59 10 4 90 25 40 97 14 27 72 17 54 39 51 5 83 31 46 81 47 10 77 17 73 61 40 50
53 54 97 28 82 96 70 1 11 14 28 31 16 11 29 96 83 82 26 4 97 70 26 11 95 29 1 4 90 99
9 15 39 100 8 44 2 1 2 49 93 85 7 3 16 92 48 10 75 56 53 9 58 82 40 48 88 87 48 82
75 40 39 56 7 65 15 65 33 79 10 47 28 78 61 53 72 20 13 90 5 64 2 48 32 3 36 15 25 19
77 77 24 1 75 73 32 44 63 39 81 98 55 14 96 17 81 30 78 63 54 97 67 90 57 34 50 4 41 42
87 45 49 87 91 83 58 59 79 65 40 23 77 19 56 37 91 53 71 70 3 55 9 31 36 86 88 58 20 74
89 79 33 77 22 49 49 18 49 51 56 94 47 23 69 72 41 21 55 60 40 90 17 78 63 25 1 66 6 63
93 45 55 90 25 97 32 77 94 76 14 55 57 46 35 70 57 4 14 94 56 31 82 15 51 64 69 43 54 81
72 42 21 17 89 40 6 37 55 78 3 14 49 86 64 80 34 45 89 69 94 74 62 15 89 18 23 98 46 44
18 97 70 81 1 100 67 63 13 55 26 68 15 88 27 69 79 62 82 39 56 42 31 36 60 80 48 23 88 14
46 20 69 21 22 12 30 83 36 1 20 14 92 12 49 18 66 17 47 9 76 94 97 92 65 28 47 86 91 67
3 25 58 20 72 58 52 21 11 95 73 9 73 76 35 81 42 99 96 10 43 67 91 31 51 87 75 57 25 33
82 55 76 79 22 57 79 89 53 99 95 5 80 30 81 20 32 3 35 19 7 81 54 5 47 79 95 36 7 26
46 82 91 83 36 61 20 41 4 78 87 28 75 45 25 34 32 97 81 76 8 22 36 61 60 35 16 67 11 22
26 85 41 18 71 5 54 51 75 67 100 41 88 89 14 71 83 21 94 56 70 33 77 67 91 85 86 28 56 99
3 58 40 79 35 5 28 97 62 45 67 46 62 46 53 92 26 33 40 3 48 90 44 70 48 14 51 39 42 100
40 19 57 57 54 41 71 45 44 15 20 12 99 27 69 28 97 100 39 77 35 31 4 74 57 52 31 25 89 44
96 3 73 77 57 51 29 28 67 81 95 71 22 5 45 96 60 83 43 55 30 49 57 45 36 77 22 9 2 90
3 3 27 23 57 82 55 76 6 83 65 89 2 22 42 80 92 42 22 74 95 21 59 19 3 32 46 50 73 50
43 88 94 45 11 44 70 15 7 54 26 6 17 88 65 42 44 72 12 82 62 6 11 46 36 3 49 59 6 19
52 77 33 68 2 81 58 57 16 25 79 63 77 45 5 6 15 55 66 9 66 14 4 34 6 64 77 17 49 30
