20 20 30 3
17 14 11
11 14 9
7 11 9
20 14 15
9 5 19
17 20 9
6 10 13
8 6 18
18 17 12
14 15 8
6 15 6
8 10 18
8 14 8
9 19 13
5 14 20
14 9 8
8 13 18
19 15 5
5 12 5
20 11 6
12 20 17
15 12 15
15 8 16
13 7 12
5 13 10
9 11 5
5 20 20
5 10 7
11 6 18
7 18 9
325 287 333 204
2 202 261 206
166 248 293 414
316 371 359 435
13 358 244 216
45 333 282 115
149 202 204 328
26 256 324 426
244 252 295 363
257 260 302 463
259 369 228 160
281 282 210 215
305 335 348 167
125 359 181 274
35 348 250 293
26 329 317 445
23 293 252 287
257 260 280 262
260 337 232 208
234 348 186 486
96 98 74 14 49 95 87 35 45 2 27 44 45 27 74 52 64 66 87 37
90 100 21 60 51 60 18 6 46 99 76 98 12 3 79 86 91 19 20 50
10 95 11 26 84 96 59 26 86 87 80 25 41 61 73 20 29 69 62 71
82 5 6 9 56 55 28 56 6 2 14 9 95 69 99 94 35 15 78 70
60 95 51 27 45 24 87 89 44 14 78 13 20 39 24 74 18 99 73 49
65 88 71 89 96 74 98 3 35 8 2 66 8 8 77 64 53 31 72 22
41 90 98 89 19 7 47 19 36 93 26 28 95 62 89 19 81 10 22 88
56 44 47 65 78 54 14 1 26 42 79 36 66 75 47 64 69 3 22 81
40 76 37 19 18 46 89 37 31 100 84 43 100 15 56 19 8 13 44 81
14 7 39 5 47 74 78 56 5 72 79 82 66 47 66 65 11 48 67 68
87 44 43 18 13 41 52 38 8 3 35 99 45 91 21 41 38 78 45 49
55 86 42 86 40 76 25 29 84 69 37 75 58 19 82 30 77 92 83 81
38 37 60 71 75 35 41 40 84 78 98 25 2 47 22 87 5 66 25 63
20 38 15 42 18 30 89 31 46 21 87 5 39 76 48 19 76 10 95 80
45 25 79 8 48 77 80 20 23 77 56 67 18 4 69 54 63 71 25 14
20 79 84 70 80 10 15 53 15 44 39 99 3 17 100 85 58 12 48 63
41 20 66 41 84 100 22 58 47 63 20 100 85 11 42 39 43 32 54 42
47 68 58 49 45 51 32 81 25 80 96 35 84 91 66 40 100 59 48 94
75 63 37 87 94 41 24 21 84 53 82 60 22 72 2 99 6 44 26 84
73 86 32 53 6 71 28 31 24 30 18 47 26 34 86 95 77 98 6 43
68 59 50 90 96 73 39 19 98 66 32 84 26 78 35 69 13 23 16 73
13 88 16 27 17 43 65 17 82 24 52 54 99 66 53 61 47 79 100 41
79 5 18 33 5 59 54 48 57 15 39 80 45 54 59 1 60 97 16 58
38 14 86 2 63 98 33 27 86 36 67 81 35 28 60 44 6 17 52 22
24 16 8 84 68 69 56 80 13 56 36 4 68 26 59 84 6 20 46 6
59 78 100 25 85 86 70 1 26 34 54 63 78 84 32 71 3 56 32 16
78 56 82 53 67 48 41 80 35 70 19 96 32 56 32 30 1 41 25 3
9 45 61 88 42 4 17 27 43 74 45 32 88 43 71 33 97 16 96 83
21 18 74 63 20 90 23 6 68 81 91 18 76 61 30 63 76 71 12 76
29 7 7 5 75 55 95 35 5 57 46 89 94 43 21 51 22 15 75 88
97 77 9 49 38 6 100 23 82 79 43 33 4 51 42 38 20 45 18 100
34 73 64 68 38 63 52 12 25 10 67 45 3 36 28 64 46 21 86 26
47 20 85 8 57 96 9 38 86 19 25 13 5 81 10 77 49 27 3 77
48 38 35 90 90 34 1 30 39 53 24 82 35 67 85 53 98 25 64 12
7 84 22 70 32 100 100 53 25 25 12 29 96 43 93 26 15 100 45 66
31 66 56 89 63 11 40 33 50 79 2 21 57 75 40 77 7 15 69 32
20 41 14 39 60 13 73 76 90 95 3 62 86 58 65 88 50 100 84 87
31 65 78 47 33 93 78 100 45 72 53 18 83 29 14 90 48 77 90 64
21 49 25 30 83 36 22 61 25 21 55 75 1 50 51 55 50 15 97 62
75 98 43 6 58 98 74 55 98 49 11 16 94 38 90 78 11 97 19 27
83 53 34 72 7 32 11 55 98 55 55 99 9 25 59 38 68 32 74 79
40 25 85 52 54 32 97 98 18 69 55 100 25 84 94 31 10 66 62 35
84 73 86 42 9 53 5 86 46 94 8 29 88 28 73 94 15 75 76 65
98 89 60 65 54 52 7 21 77 71 16 43 44 45 92 75 14 80 97 63
84 88 59 50 16 76 10 9 92 91 50 69 49 82 35 22 72 63 41 71
16 49 44 77 42 49 68 28 17 88 75 18 23 83 41 83 82 5 28 90
43 27 24 82 26 88 92 72 34 27 55 68 100 63 36 67 98 36 11 75
84 40 6 64 52 21 93 65 41 31 82 79 95 13 19 82 30 6 22 54
99 42 71 70 63 76 48 34 82 11 61 24 62 96 24 83 40 28 26 92
10 40 4 90 27 88 39 20 3 48 61 7 17 41 85 75 24 32 86 16
9 12 46 63 12 59 86 52 60 70 94 66 82 48 69 37 76 24 94 85
67 91 19 12 23 85 34 37 87 29 23 53 76 68 59 60 81 25 99 11
62 86 81 36 22 24 83 77 44 1 95 95 5 98 67 36 22 95 66 75
18 29 51 40 17 71 25 58 5 17 28 61 90 44 79 53 41 21 48 5
76 60 66 76 76 33 55 59 77 93 20 99 52 29 98 15 33 45 74 81
64 99 100 70 74 10 14 71 15 68 83 57 21 48 16 38 75 84 96 92
35 71 86 85 22 96 84 88 36 31 90 21 20 66 22 46 67 97 75 58
13 26 2 82 85 26 53 31 62 63 46 10 17 46 63 71 1 51 41 16
86 95 26 40 8 95 71 72 72 84 24 56 97 16 80 99 15 65 72 11
5 64 95 62 99 22 9 90 61 86 9 48 59 26 54 61 88 6 66 32
325 303 332 129
209 301 221 262
283 382 293 373
239 235 219 311
234 293 349 193
239 198 338 270
25 275 298 220
209 362 188 205
56 214 261 170
243 221 236 276
69 258 348 162
62 365 184 422
263 381 316 293
240 200 294 105
245 320 275 180
43 336 189 152
91 326 215 313
165 257 248 425
10 219 314 423
87 219 234 443
24 70 63 62 6 73 98 37 62 39 72 67 57 59 82 16 69 40 23 29 18 75 93 74 49 26 63 29 53 50
51 80 54 63 49 49 19 52 28 31 13 99 41 16 59 4 29 70 82 72 45 19 50 23 45 8 98 20 37 88
14 12 49 93 39 46 60 15 85 97 22 3 50 6 98 16 10 6 23 32 73 51 12 6 57 60 52 71 51 73
100 67 93 53 2 57 13 10 77 63 24 50 48 40 76 77 86 35 25 74 38 70 26 69 47 34 75 95 1 25
2 56 5 83 37 87 45 58 94 3 95 85 76 47 62 73 43 98 96 9 44 5 83 66 100 59 4 54 15 8
34 44 26 82 94 98 70 4 89 83 60 76 96 16 24 87 72 47 5 39 5 70 97 93 43 6 95 75 42 56
56 77 99 38 23 32 31 74 23 26 72 1 54 58 12 99 9 72 79 33 2 50 40 87 64 79 1 99 35 69
77 44 76 33 56 22 27 42 6 21 96 46 58 91 84 16 55 3 83 53 16 1 72 88 74 53 97 59 91 14
4 6 37 47 24 44 88 21 44 78 15 35 39 6 2 100 58 62 15 52 67 62 50 68 48 80 77 2 96 31
94 42 62 43 90 32 25 71 22 26 29 94 75 35 12 77 95 96 29 7 33 24 77 13 9 36 1 96 20 88
87 46 56 51 58 79 43 50 15 81 38 33 72 71 78 41 83 15 39 83 79 18 33 56 54 45 69 43 84 80
41 12 14 28 73 29 65 46 65 91 41 44 94 20 100 19 34 100 50 79 23 19 68 94 6 26 99 46 36 69
76 14 80 77 79 97 77 17 90 16 22 27 25 55 67 37 71 41 84 3 48 44 93 15 2 52 89 89 52 97
62 97 97 24 68 71 9 57 90 87 9 12 51 53 94 32 70 68 78 37 92 53 29 66 32 31 51 95 37 46
1 57 3 39 50 40 52 45 32 97 53 95 98 21 65 66 87 51 77 75 28 19 24 38 39 71 13 10 77 83
66 78 44 93 92 67 5 23 47 37 60 43 12 58 49 74 74 47 53 50 46 86 68 94 2 9 80 25 53 73
61 90 63 40 50 67 46 40 1 79 44 26 13 95 96 1 1 74 33 15 96 22 30 40 30 75 66 35 94 5
25 15 71 66 85 14 30 91 12 89 52 77 34 13 8 27 19 89 57 77 100 71 76 61 37 23 54 15 65 37
25 83 29 100 64 82 30 94 42 19 80 84 93 24 37 53 15 31 22 47 68 83 72 29 28 71 50 87 67 96
93 73 21 99 58 7 45 74 82 83 20 92 96 78 77 46 96 4 13 86 96 56 20 22 71 35 5 14 47 67
53 82 2 37 56 49 22 77 99 43 53 2 56 12 84 52 67 28 40 31 68 74 89 97 29 49 13 78 79 66
59 18 47 81 63 83 61 94 88 41 22 27 89 9 61 45 86 66 8 18 44 76 38 34 15 46 9 86 53 64
19 54 60 76 84 32 86 5 44 2 86 63 72 91 40 12 34 37 24 51 94 32 71 69 31 6 73 33 48 28
64 39 4 94 11 55 42 65 13 89 13 52 21 92 89 2 9 55 73 77 77 65 35 92 38 100 58 31 62 42
27 19 38 30 45 1 3 74 87 38 58 23 90 95 53 41 65 30 74 48 74 21 67 56 50 1 77 22 26 89
5 43 67 14 33 32 33 82 5 74 39 12 60 16 33 5 79 54 98 54 53 63 3 55 49 54 18 80 98 100
93 64 69 46 22 51 92 23 52 33 89 65 40 45 5 34 69 18 62 55 26 39 55 65 72 10 98 88 70 49
8 36 18 58 88 26 95 20 66 67 83 47 89 96 48 23 91 52 54 9 56 12 70 19 48 24 6 62 37 36
7 84 76 93 34 36 37 80 31 78 91 19 19 57 9 31 92 86 33 82 84 28 100 35 76 93 25 86 62 34
54 28 79 87 96 68 52 23 38 59 77 83 55 49 62 51 33 32 77 45 8 17 77 51 4 46 84 82 10 3
6 32 86 85 1 88 55 6 85 5 28 3 32 8 42 45 46 86 79 74 8 16 32 83 92 34 18 96 42 47
47 24 28 6 12 93 86 29 5 40 11 81 3 83 13 7 100 100 71 88 33 30 29 43 56 86 18 23 21 3
44 54 98 60 57 64 39 18 39 37 37 45 2 30 94 51 92 80 9 58 32 19 80 92 61 20 19 74 15 48
96 7 43 94 17 60 26 24 43 62 9 62 17 34 26 66 43 21 1 48 98 20 89 87 35 27 13 13 9 56
33 75 85 54 87 98 6 23 48 23 60 83 44 33 1 29 69 19 12 73 43 19 29 57 43 46 94 23 97 61
28 24 59 46 28 31 71 94 98 64 66 73 60 41 90 12 37 98 78 55 17 56 43 66 12 75 98 43 18 76
33 59 97 89 49 99 85 90 79 58 56 41 91 43 44 9 64 53 95 42 9 88 74 51 31 11 55 19 75 16
45 88 78 60 56 16 23 19 26 85 78 87 44 17 80 61 5 4 100 19 87 18 67 78 48 69 6 33 17 90
12 100 89 83 69 5 98 25 87 70 74 87 4 16 97 50 3 91 98 27 92 3 4 26 30 53 77 43 42 3
12 60 43 23 43 66 81 85 83 6 48 77 41 57 52 61 53 5 54 19 100 68 82 29 55 76 39 27 12 34
4 92 87 99 19 50 49 24 3 60 32 35 51 89 17 84 63 3 30 99 91 83 88 35 36 33 45 69 80 37
72 94 21 33 11 46 65 11 91 26 25 94 24 96 25 62 72 73 85 84 83 20 61 85 62 44 6 66 81 99
72 71 75 17 74 78 67 89 96 39 17 20 61 60 2 16 37 40 60 36 100 19 74 60 9 87 53 66 63 16
50 25 67 44 59 72 83 39 65 2 95 71 51 23 25 93 36 5 36 83 94 61 100 95 81 25 69 6 39 36
42 32 16 88 84 6 95 12 5 10 22 18 32 3 3 54 30 75 1 86 73 8 30 84 56 6 26 67 63 69
80 23 64 73 34 29 14 92 57 4 42 52 69 14 26 53 6 61 97 51 63 80 99 6 91 57 25 80 55 24
34 51 2 57 41 55 55 68 53 85 95 21 36 87 47 73 48 61 62 38 14 7 94 57 41 84 6 2 73 73
3 56 8 94 54 63 21 29 28 32 33 76 70 40 86 18 79 86 8 56 51 16 92 24 93 65 68 91 84 51
37 19 80 49 20 46 56 69 5 28 41 21 64 6 3 51 2 51 38 38 95 33 58 48 94 59 27 85 78 66
4 31 47 30 44 15 24 44 73 74 57 79 97 66 74 65 61 1 9 52 51 98 12 90 57 81 100 74 22 6
32 3 100 21 10 9 92 24 62 93 45 29 17 54 78 7 48 85 46 71 95 40 33 96 3 79 69 73 61 100
15 81 86 23 61 6 27 66 32 58 19 40 61 37 98 49 86 30 21 42 1 98 69 19 71 77 5 33 1 31
12 96 71 21 64 53 91 1 69 48 1 10 30 65 78 90 3 29 23 53 97 34 82 87 17 4 33 98 24 21
66 47 43 17 95 47 72 75 77 85 20 77 84 82 38 63 52 55 36 67 48 18 72 16 88 6 100 31 92 39
49 24 37 74 95 15 84 4 25 42 74 47 40 45 71 95 44 37 5 35 11 72 73 36 96 52 46 32 15 65
43 71 63 54 80 4 100 87 92 36 91 95 69 49 80 65 23 12 74 34 8 88 29 31 29 8 83 86 47 35
26 94 6 17 91 26 99 3 51 96 57 27 85 19 81 66 65 1 97 17 82 24 54 48 91 52 75 97 66 92
89 67 36 70 23 37 80 99 52 3 15 94 14 84 7 97 50 10 65 29 42 88 87 39 34 77 95 98 19 57
95 37 71 62 59 34 6 71 17 99 61 68 13 41 60 8 67 33 14 88 64 86 86 54 94 7 33 83 43 96
78 71 24 29 38 49 94 57 44 99 83 68 91 19 91 6 34 30 2 2 3 6 70 53 64 79 20 4 96 59
