20 20 30 3
5 13 18
19 10 6
7 11 9
5 13 11
16 13 14
11 8 18
9 9 10
6 9 10
10 14 11
14 14 18
7 5 14
11 10 10
9 10 8
9 12 13
15 12 19
8 8 10
16 20 14
8 9 18
17 7 18
11 11 10
11 17 17
14 15 14
12 15 20
18 20 12
18 17 14
5 18 17
15 17 7
6 5 20
10 8 14
16 15 7
49 54 185 481
48 338 253 416
48 178 59 329
48 84 129 251
48 263 279 303
48 346 79 348
48 152 288 432
17 269 87 362
18 84 167 448
37 98 319 159
39 85 221 182
33 93 59 427
48 347 222 423
45 319 152 423
25 96 251 153
24 247 268 284
28 291 198 441
7 253 91 403
40 281 289 221
44 160 201 337
55 27 96 74 99 5 46 63 30 48 7 18 93 2 85 61 17 30 45 59
57 46 6 87 78 27 59 17 24 8 20 2 30 49 93 27 9 12 91 73
30 34 89 74 26 80 92 11 80 76 80 12 31 45 86 79 70 76 78 80
16 71 1 36 21 78 2 12 61 43 78 35 73 11 56 73 97 91 77 12
91 50 42 94 10 30 11 40 21 46 59 93 63 20 31 90 67 88 68 92
47 97 96 86 20 94 5 54 70 93 29 4 18 72 56 7 83 48 46 14
50 20 45 93 30 40 45 27 76 9 91 94 97 43 21 18 80 4 3 11
9 97 24 8 84 97 65 36 30 54 71 20 59 87 20 72 48 6 38 18
95 83 28 76 37 8 96 39 7 42 99 24 66 77 17 26 79 14 12 7
99 29 66 49 92 99 60 1 96 66 44 81 52 56 66 46 2 6 69 30
87 37 17 13 25 2 40 88 86 30 28 6 47 58 59 40 50 17 5 75
72 69 58 85 98 66 57 89 66 97 64 8 25 11 29 36 41 7 69 7
82 68 53 15 39 65 68 38 24 15 84 21 42 34 82 87 57 71 91 61
31 86 87 86 80 1 86 28 94 81 24 63 15 10 51 86 83 30 67 36
59 68 57 99 35 86 27 28 31 99 47 20 21 76 50 98 2 21 21 59
61 54 46 22 12 79 59 64 53 73 33 96 48 16 85 8 1 34 79 86
61 25 86 57 6 31 70 39 62 82 11 76 81 61 90 13 83 65 4 59
11 41 72 100 30 30 69 62 42 1 38 47 69 92 77 3 10 46 81 70
36 20 14 61 60 81 87 47 83 68 86 5 15 64 42 54 61 41 47 86
88 51 98 74 82 83 22 70 1 64 100 53 93 13 63 87 38 67 64 54
34 40 16 37 83 17 16 10 59 2 1 71 24 74 4 22 65 78 7 20
85 69 34 45 55 59 20 67 91 9 40 9 21 40 39 3 97 4 2 19
51 26 5 26 84 35 23 39 2 56 8 86 71 68 69 86 55 80 2 78
47 52 42 71 33 9 13 46 65 72 76 38 69 25 62 98 44 23 15 24
33 58 20 13 4 36 15 70 56 88 84 37 19 60 12 26 47 15 52 55
56 52 74 32 34 77 62 3 15 52 15 63 12 84 70 74 26 22 99 1
62 90 44 30 99 49 44 49 75 80 12 25 83 51 83 74 21 72 100 61
35 1 45 49 84 5 79 29 82 82 46 89 4 3 37 36 60 32 95 57
5 89 66 72 81 85 30 7 11 14 15 47 33 32 94 5 8 94 77 15
67 36 74 46 24 32 79 83 77 10 100 20 32 58 78 65 73 25 6 20
47 20 65 48 78 61 31 36 89 2 77 57 9 52 10 78 90 55 37 85
93 39 19 62 17 16 88 72 63 84 99 73 43 10 45 33 35 36 20 98
23 58 48 51 17 77 99 98 66 1 86 7 46 57 62 100 60 95 62 59
54 39 42 92 61 50 17 25 54 56 78 78 95 91 86 37 38 7 72 100
85 69 40 22 51 78 70 18 21 2 29 91 71 9 23 39 88 45 77 49
98 3 3 60 72 89 55 34 75 66 90 23 97 22 14 18 59 29 70 48
66 9 100 97 26 55 62 78 43 90 1 4 53 41 77 79 76 13 25 17
15 4 42 36 19 12 10 24 71 4 97 94 66 67 79 33 95 16 33 23
98 96 69 8 13 82 11 59 10 98 27 51 35 62 31 86 43 40 89 57
15 3 22 65 65 22 10 66 41 68 30 84 90 66 69 61 74 28 25 10
24 15 22 28 2 97 25 65 95 23 14 61 11 67 10 62 45 27 42 45
88 74 87 19 14 46 6 21 97 5 77 74 75 76 67 78 16 8 14 38
11 40 81 94 7 24 74 48 17 92 4 91 28 95 26 24 6 8 15 53
44 83 31 56 35 54 65 29 4 89 79 81 37 78 91 87 79 92 20 93
58 85 65 68 44 96 16 58 79 97 96 17 47 59 27 84 1 45 15 90
76 9 32 10 18 19 52 45 82 83 97 79 100 39 57 22 42 30 49 79
59 60 96 20 94 7 62 4 73 62 96 84 95 27 92 82 21 45 70 42
86 93 65 58 90 80 39 41 15 27 59 45 29 96 22 61 84 41 19 95
64 74 68 89 13 49 98 74 8 76 28 9 27 24 1 50 7 99 92 10
9 74 42 93 8 15 12 12 54 11 70 56 13 25 82 49 32 8 86 100
75 65 24 95 32 93 80 94 15 9 58 12 62 69 23 5 72 13 11 91
20 59 96 55 71 78 71 13 86 37 30 2 70 45 62 12 67 83 70 76
96 24 34 43 17 35 17 95 57 73 66 40 55 60 95 56 59 18 90 51
51 88 18 37 51 12 22 34 37 22 6 36 62 75 38 54 52 39 2 28
29 63 69 29 19 38 45 37 77 67 28 28 21 22 25 31 20 24 72 80
66 84 69 14 39 25 58 7 13 8 59 52 17 80 35 42 21 76 44 45
95 34 65 61 82 26 26 3 65 87 23 62 88 97 52 37 55 44 68 59
82 7 46 66 80 100 32 11 66 97 91 1 9 15 85 20 95 63 96 90
37 55 12 15 56 91 84 19 66 75 76 96 5 35 12 34 65 34 42 85
97 15 62 54 23 8 14 82 56 20 23 18 96 4 62 16 78 50 45 7
49 253 347 328
48 99 147 139
48 180 174 448
48 198 146 495
48 246 251 158
48 246 396 337
48 174 361 391
3 212 117 385
1 67 88 390
31 182 260 219
29 224 167 149
28 73 304 114
36 216 387 488
42 64 387 183
16 302 77 460
46 323 188 443
11 70 275 183
40 128 385 148
39 281 391 384
8 181 352 495
48 9 87 38 50 26 71 54 59 64 69 26 90 69 64 43 7 10 35 75 91 96 89 24 71 91 25 66 52 48
88 59 7 44 97 64 60 77 67 52 70 74 85 41 85 20 46 17 39 57 83 25 45 51 15 33 89 37 45 87
70 76 20 47 56 97 21 55 69 10 24 87 26 67 79 33 9 13 17 76 26 79 42 30 16 4 6 43 45 21
86 90 37 2 3 61 9 50 52 28 39 61 34 4 5 67 12 30 79 44 73 67 23 8 60 15 22 77 44 93
17 82 24 81 95 49 87 57 80 7 12 85 28 2 7 4 65 2 81 88 3 78 58 42 78 31 90 90 23 37
9 25 46 59 73 42 7 68 17 81 84 21 2 74 40 16 91 46 53 90 62 22 47 29 11 21 82 96 94 31
85 17 34 66 23 31 97 26 60 88 66 94 30 91 56 5 11 39 78 58 77 52 67 54 99 62 74 88 39 72
99 6 58 70 84 60 12 68 46 50 42 39 2 64 62 28 48 72 2 78 89 32 81 79 73 14 84 26 29 52
83 95 35 39 97 97 1 80 68 21 99 74 67 50 68 76 51 92 53 69 57 11 15 19 29 62 63 43 90 46
61 37 51 30 13 83 58 68 79 23 72 22 47 52 94 9 14 45 95 61 81 4 5 73 100 10 38 51 70 16
10 25 34 29 96 2 33 50 58 97 30 27 61 28 19 5 61 63 68 65 94 47 43 29 36 42 87 61 98 96
66 40 12 95 33 9 99 79 97 32 94 96 99 52 19 77 41 55 80 87 41 26 79 44 69 47 13 41 86 42
20 62 20 24 91 38 12 13 11 62 35 51 94 25 31 58 14 72 19 99 32 36 84 71 9 77 29 61 59 41
76 19 18 43 89 62 89 12 91 99 7 46 27 60 1 85 84 92 1 47 54 26 23 91 88 27 3 14 11 16
10 14 76 78 26 21 36 11 70 59 60 88 87 47 18 7 96 39 29 40 79 5 35 36 100 74 99 89 92 65
99 98 71 41 82 64 73 97 64 69 81 29 59 12 8 16 9 7 28 12 100 55 94 91 89 52 87 4 43 48
67 94 26 26 76 36 45 60 70 28 76 53 97 59 60 98 12 73 27 79 81 34 72 29 41 7 79 82 23 76
37 37 4 80 94 19 50 32 19 67 32 62 37 76 98 22 44 90 3 21 26 46 65 24 6 29 16 21 37 60
13 25 13 4 56 95 72 19 2 93 54 59 54 52 39 88 29 16 12 26 20 36 92 57 29 7 30 12 5 24
54 65 92 89 60 42 5 25 27 32 26 32 62 5 51 30 32 69 32 38 34 23 52 85 22 17 51 68 21 65
78 27 4 83 42 9 24 95 4 86 52 35 52 46 7 29 68 29 16 68 99 55 58 67 82 20 62 65 79 44
53 9 54 96 78 24 73 90 16 47 15 68 18 50 41 44 47 95 99 78 19 8 53 58 86 45 85 66 60 31
98 61 11 53 38 66 16 77 3 27 49 88 86 45 76 16 97 32 11 72 1 4 90 16 76 90 35 17 91 62
39 54 96 28 75 99 72 65 19 57 32 85 15 66 32 28 12 28 22 34 32 26 50 7 35 28 8 3 45 20
82 32 64 81 51 71 10 25 1 35 84 66 74 71 7 13 42 59 5 29 9 68 82 46 71 97 73 26 85 44
20 17 33 60 2 84 26 31 44 93 91 76 36 91 77 8 54 39 16 71 47 60 90 33 51 52 30 66 80 34
15 19 56 14 96 31 36 20 49 2 14 61 91 53 50 16 9 76 65 13 70 39 90 96 51 16 92 8 32 96
37 75 78 52 97 22 2 85 39 22 63 84 59 13 14 92 12 88 33 12 83 67 43 73 32 23 13 31 81 79
73 70 97 94 47 67 90 22 66 66 2 39 76 65 4 37 45 50 39 63 17 99 60 52 10 14 26 35 89 72
96 96 20 37 68 34 61 77 53 1 47 36 51 75 95 62 93 95 88 2 38 77 65 85 31 76 42 47 92 38
48 41 20 95 36 59 74 59 90 43 87 15 29 77 55 77 88 78 3 45 31 27 44 92 63 90 43 68 48 83
58 81 65 92 63 80 18 35 51 71 20 10 25 90 61 11 79 49 20 39 35 71 86 88 73 10 57 87 53 20
41 79 49 38 72 27 91 8 66 56 95 35 99 64 26 52 54 61 30 99 23 71 54 14 53 69 85 75 92 89
89 61 17 79 41 73 19 23 39 42 45 4 97 41 98 67 36 14 6 44 18 77 77 85 37 91 94 2 22 19
60 85 94 26 18 98 56 56 50 55 65 52 40 70 41 10 100 5 65 92 88 70 85 82 16 21 40 93 57 61
10 75 10 95 10 99 70 83 44 17 42 93 67 84 20 84 100 78 61 29 36 9 22 27 2 75 11 75 80 67
100 27 10 92 78 61 96 69 92 100 1 39 62 36 87 88 94 14 58 48 52 44 75 11 38 79 76 45 2 8
36 60 50 91 2 35 31 2 92 44 31 39 13 18 29 91 83 24 19 10 68 99 21 68 45 53 86 10 93 3
35 29 31 70 10 65 51 86 70 28 59 73 41 73 94 89 46 35 24 74 70 82 24 38 74 3 28 8 15 32
95 82 6 21 93 33 14 16 79 52 28 26 99 65 40 53 71 82 25 28 76 16 100 92 60 59 86 58 43 23
1 72 18 54 87 51 84 15 89 61 64 36 95 8 96 43 45 7 76 86 66 53 7 70 74 17 10 22 11 91
26 71 69 47 23 89 27 81 76 94 37 26 57 28 76 81 92 58 11 13 16 93 48 34 71 70 73 23 6 74
20 90 16 83 18 57 15 23 5 6 95 84 58 36 69 92 20 3 66 2 62 84 17 50 86 78 12 85 19 99
36 35 67 24 13 93 55 80 6 61 42 20 33 44 13 3 46 69 36 65 27 82 55 55 52 69 73 5 59 30
73 55 1 42 30 15 61 43 79 68 25 82 14 36 8 46 57 41 1 59 80 59 20 50 45 97 88 95 5 34
35 47 16 21 56 88 44 89 46 59 39 83 58 80 85 44 39 91 75 11 27 39 42 47 82 85 62 40 64 17
91 39 10 20 53 67 37 79 69 34 54 49 13 41 50 59 46 29 89 28 42 63 6 32 66 80 8 35 11 67
88 11 22 2 2 93 27 54 6 33 12 52 46 4 69 1 78 12 38 35 5 52 24 9 10 6 79 8 97 41
11 87 40 57 47 65 53 89 46 24 83 79 37 88 49 9 56 93 98 87 10 56 52 40 66 97 75 83 50 14
13 73 62 70 51 84 26 49 27 77 8 99 89 88 53 36 86 67 11 45 100 38 76 46 10 17 97 91 58 52
36 99 18 70 68 60 69 34 80 20 4 32 88 73 97 64 49 56 42 98 43 55 70 98 14 41 87 68 31 18
7 94 54 74 17 94 92 54 38 44 48 33 27 3 52 26 28 19 15 53 29 64 16 34 68 97 60 90 83 79
44 85 94 89 53 81 73 5 71 10 21 11 7 36 32 65 65 6 78 82 29 62 98 82 13 62 3 6 9 70
95 70 46 62 100 53 64 88 41 44 6 32 3 70 89 45 19 75 94 67 71 12 31 88 4 86 72 95 53 85
88 42 14 63 73 45 65 68 30 46 14 32 95 39 77 38 46 60 8 18 58 34 60 84 43 10 49 14 73 82
42 80 68 78 82 41 31 77 31 44 20 83 2 41 94 76 53 71 32 42 5 31 70 21 39 99 34 32 72 42
69 75 78 93 82 6 37 44 92 18 16 33 35 19 64 49 55 12 10 81 35 37 19 81 38 62 30 3 3 38
57 33 81 76 62 71 80 62 65 84 82 82 60 17 20 58 87 17 61 75 51 74 73 50 94 71 94 69 21 13
40 58 98 18 39 99 67 69 7 80 48 70 50 70 82 95 24 37 57 19 19 9 58 87 23 9 85 2 24 15
45 72 48 69 92 61 90 35 25 39 91 29 74 21 20 55 72 83 84 46 85 83 85 64 90 3 8 1 91 100
