20 20 30 3
15 8 8
11 19 5
12 14 14
12 17 16
13 9 13
17 13 17
9 13 5
5 13 11
8 7 19
5 12 8
19 7 17
14 10 15
18 7 17
19 15 14
15 11 6
8 13 14
17 17 7
9 19 11
16 14 12
8 16 16
16 15 15
9 8 15
20 9 20
14 7 7
6 6 10
15 16 8
19 18 16
13 13 11
9 16 8
14 10 17
384 317 299 372
236 284 236 326
250 299 287 282
379 351 362 419
137 287 204 240
259 288 207 351
27 233 208 278
215 221 296 459
112 366 239 191
305 310 323 485
82 270 351 307
34 278 353 468
55 259 216 251
294 275 223 165
3 241 291 319
356 228 340 406
229 195 330 129
126 273 352 486
105 237 257 331
291 356 367 489
82 8 64 86 38 46 65 48 9 85 68 61 3 72 93 58 35 18 68 33
7 77 52 59 79 98 12 72 90 46 74 31 25 48 35 10 98 3 84 5
57 14 32 100 74 79 28 14 1 29 9 4 59 57 88 10 99 44 83 70
82 65 46 26 81 8 82 68 85 85 41 3 74 45 63 99 23 74 89 75
21 39 2 80 83 72 26 11 19 49 35 43 9 31 68 43 34 22 50 4
60 22 85 53 39 42 40 28 89 82 25 7 92 65 45 26 80 70 74 96
47 18 60 62 96 95 13 35 8 74 27 63 66 6 62 39 98 75 52 58
1 74 56 99 86 40 2 69 35 5 5 25 81 80 43 18 67 86 15 24
13 91 39 48 54 21 26 74 97 58 22 47 32 77 39 24 40 19 90 22
12 24 26 31 94 88 12 50 50 82 43 50 90 71 87 72 45 32 42 23
72 71 77 68 15 22 67 84 7 43 61 12 9 30 51 74 81 58 94 25
40 56 94 90 28 23 59 47 53 87 89 45 43 78 67 58 87 53 2 46
7 21 74 54 99 64 98 28 77 72 67 29 41 89 88 43 33 45 94 7
33 86 85 20 31 97 50 63 72 17 36 70 33 14 47 2 42 99 96 52
51 61 98 72 78 25 49 22 26 58 60 90 25 27 15 10 59 56 90 6
38 33 23 80 84 55 75 29 70 42 16 32 69 64 92 85 61 25 38 63
22 95 67 2 48 85 46 93 64 1 59 81 17 12 23 77 47 90 43 15
12 18 69 85 42 29 53 79 88 75 21 78 16 92 33 33 66 18 41 79
85 18 15 54 44 71 35 29 1 70 8 77 78 4 27 85 24 46 20 7
86 47 72 47 38 76 59 98 17 21 88 85 92 92 70 13 57 89 61 44
97 63 20 61 99 97 51 9 16 5 29 11 30 75 93 6 56 40 9 22
11 66 60 58 88 13 4 65 88 89 24 64 34 39 19 32 86 43 85 13
86 54 2 12 75 57 80 12 88 100 75 97 7 25 99 4 56 43 12 60
28 66 65 93 83 79 88 35 49 77 40 87 49 62 4 95 52 91 27 55
92 27 58 54 12 4 93 38 78 39 12 33 97 74 7 19 26 85 30 4
97 89 62 31 21 84 7 5 96 38 47 72 52 85 34 33 66 85 94 57
17 66 92 21 24 26 49 37 40 75 29 39 36 24 51 51 80 61 32 23
3 64 73 78 76 4 73 65 78 31 47 13 11 30 88 42 60 97 19 91
7 67 12 57 2 97 33 24 2 61 80 10 4 67 11 10 46 92 68 35
8 53 4 33 84 20 25 4 27 92 41 20 71 86 56 72 39 87 84 72
88 40 56 49 55 25 33 97 61 99 47 92 40 90 39 11 88 81 93 25
23 64 13 4 22 79 56 25 33 53 2 10 81 2 69 71 7 12 91 55
80 2 43 39 16 55 71 48 85 1 44 78 46 37 52 7 17 6 50 98
59 82 20 4 32 69 24 24 20 11 54 3 36 73 68 56 55 61 93 89
87 98 86 77 7 58 86 13 80 33 5 14 83 16 72 18 38 10 73 39
32 58 75 74 22 65 44 87 17 54 86 33 70 34 71 64 44 37 41 43
48 41 35 37 43 59 56 15 48 13 48 22 59 57 10 73 40 74 63 58
17 15 37 11 39 73 51 78 74 17 7 22 46 83 77 51 69 9 72 68
67 78 93 9 72 30 8 91 88 71 77 30 16 79 67 13 55 69 86 10
27 71 83 42 82 37 96 72 100 79 81 9 81 25 69 8 94 57 12 25
82 95 41 37 9 26 57 71 88 17 20 15 90 64 99 42 41 14 3 28
68 84 23 67 72 21 74 70 34 71 34 54 51 50 10 19 13 86 42 23
66 41 44 10 61 55 5 77 25 7 59 70 17 60 66 56 26 6 97 75
50 46 89 88 100 91 37 95 84 20 64 79 3 15 29 17 20 50 83 51
66 21 35 17 97 46 33 31 60 96 27 3 66 80 28 43 29 45 58 98
68 64 24 44 98 73 36 16 39 46 90 83 83 88 82 22 69 5 91 62
83 86 24 12 83 16 17 67 24 68 66 70 18 13 99 93 94 29 36 83
10 91 10 16 90 14 38 38 70 87 90 70 78 61 98 62 2 55 87 82
53 84 8 100 17 27 76 38 21 26 41 63 5 5 29 19 89 90 68 29
17 16 18 52 70 15 54 21 40 46 61 91 20 51 98 99 18 2 40 91
95 12 12 88 73 24 57 94 33 74 70 42 63 67 78 74 63 97 57 14
62 42 3 10 71 87 49 37 89 10 66 10 76 24 9 88 1 77 9 64
93 96 89 98 3 69 86 55 87 4 65 62 85 2 91 18 80 94 25 49
21 8 68 64 55 29 50 96 50 1 58 64 17 38 100 66 41 65 92 36
82 98 7 1 30 52 66 67 4 19 99 28 76 4 2 54 73 22 3 69
68 41 87 67 50 28 78 94 78 34 45 35 6 23 38 96 23 36 18 41
99 27 29 48 71 16 48 62 83 31 41 85 54 10 59 9 6 33 21 57
67 14 84 68 34 97 88 41 93 35 85 23 49 100 38 4 2 13 11 27
75 92 19 30 43 52 85 20 8 57 15 50 46 39 49 10 60 5 3 22
31 72 39 46 33 28 7 50 29 1 4 98 3 49 51 74 75 12 22 90
384 216 296 483
147 289 319 122
10 290 274 495
340 359 288 286
206 300 251 254
95 365 254 174
250 261 252 261
258 257 221 251
115 371 242 472
110 239 198 224
101 358 261 234
105 276 296 137
60 258 219 396
24 271 287 422
270 243 222 289
88 297 363 168
68 218 193 190
128 233 220 209
154 350 195 492
378 251 262 137
100 78 91 45 45 88 56 62 9 68 23 44 52 5 76 92 82 54 33 70 87 92 33 60 88 88 87 6 56 70
49 58 72 66 63 70 60 70 96 44 97 75 16 68 48 95 70 34 41 1 53 21 40 36 67 2 56 19 17 38
12 14 32 22 92 42 77 26 44 42 41 74 11 2 29 50 7 69 9 40 100 78 68 19 76 63 83 25 8 88
75 51 95 78 47 85 91 55 17 44 77 27 18 67 68 8 54 85 44 78 22 81 28 86 39 98 34 83 88 25
17 33 3 36 39 81 37 2 83 5 35 90 48 68 63 61 78 8 65 70 80 22 39 78 13 72 93 78 69 27
37 66 56 33 20 6 95 30 60 10 90 65 18 13 89 33 11 85 9 77 94 41 71 32 45 61 89 97 3 49
67 3 16 35 100 88 49 15 40 67 27 33 47 43 70 34 44 51 32 85 22 56 66 81 76 7 41 42 44 67
64 12 71 14 10 20 41 66 29 34 20 68 48 65 30 92 6 94 87 48 76 73 3 97 96 7 62 42 9 53
88 42 76 98 64 46 67 74 52 19 77 22 64 8 90 88 99 86 67 48 75 92 96 86 95 99 76 90 73 57
29 77 59 75 83 16 92 77 65 51 56 47 43 57 26 11 11 4 51 70 98 22 15 20 58 87 77 89 62 50
97 33 30 50 26 71 15 91 93 49 2 27 92 41 100 8 17 100 22 14 56 11 21 64 51 53 23 97 31 15
86 26 63 63 59 79 56 42 68 93 27 64 12 66 13 71 7 53 24 21 28 42 10 61 53 78 100 56 70 38
37 26 41 39 80 28 50 71 87 44 20 95 4 85 46 15 50 15 49 52 17 13 6 1 76 2 65 17 11 86
50 7 80 13 59 32 12 90 37 94 2 78 70 99 75 73 14 43 16 5 45 94 76 93 42 28 63 62 82 36
61 55 12 22 36 41 35 2 33 82 31 5 60 57 100 44 60 57 53 31 47 83 74 65 26 2 94 17 20 48
25 58 31 57 43 7 67 14 54 9 90 63 80 54 59 63 42 88 29 76 74 97 48 98 49 16 51 60 88 69
26 11 79 3 56 27 12 54 10 44 42 24 41 87 47 69 78 43 58 6 64 21 86 84 43 23 12 84 62 75
81 28 44 49 32 29 74 85 54 61 96 82 5 71 5 71 56 17 93 57 84 14 73 96 38 45 57 100 76 94
42 48 47 13 35 40 59 24 99 15 75 66 86 26 24 50 93 96 32 29 64 75 79 77 85 61 63 54 26 29
100 55 85 33 83 74 34 91 24 61 77 46 15 38 83 61 54 81 9 24 78 93 84 17 27 32 74 20 22 47
37 74 27 6 52 97 26 95 39 51 4 97 84 18 8 100 96 28 90 48 42 60 71 70 43 31 18 7 36 62
2 89 80 15 60 91 25 70 18 52 61 44 11 13 70 36 90 63 84 80 24 20 7 37 89 25 72 42 3 8
91 80 92 30 72 56 52 31 14 16 52 35 7 15 46 33 57 18 25 41 52 35 63 6 19 80 25 43 22 7
7 91 99 28 83 100 87 33 14 56 11 38 26 67 96 41 27 62 43 93 2 60 69 50 41 21 52 31 12 29
80 10 23 95 6 83 85 22 61 23 70 37 100 99 13 36 3 10 13 3 52 54 96 6 31 1 2 45 82 26
88 7 51 70 9 83 21 100 15 37 70 58 96 23 86 84 94 25 79 2 26 37 89 28 4 22 94 18 66 24
41 43 74 15 34 25 37 10 45 30 20 19 70 29 15 75 82 19 86 16 14 12 18 17 22 63 3 51 98 73
42 69 3 63 22 66 24 39 29 72 56 68 67 21 90 84 74 86 96 55 79 99 89 93 24 74 34 62 78 17
20 38 8 61 41 61 57 32 3 92 54 97 45 25 34 61 50 43 70 44 85 9 55 27 53 16 9 23 42 76
37 74 48 31 36 73 73 48 43 97 85 97 35 1 57 98 21 2 28 47 42 23 49 3 1 22 45 33 11 76
35 88 78 56 21 74 81 75 31 98 29 3 39 71 68 64 63 91 85 85 40 9 100 54 5 26 26 11 16 13
21 37 18 72 19 32 41 10 96 69 31 75 43 5 91 76 64 25 96 42 33 96 76 10 47 40 93 61 51 39
87 66 89 72 98 13 24 40 28 68 43 20 9 64 48 44 54 49 50 90 85 75 67 82 13 43 48 19 24 91
76 70 28 55 40 18 69 9 31 57 9 72 95 9 20 69 9 22 100 44 18 5 92 57 33 83 68 71 22 48
61 17 49 84 88 68 88 70 61 23 49 70 42 19 20 96 56 44 50 98 59 68 25 53 43 37 14 19 44 45
5 28 70 58 99 98 73 32 83 79 60 54 18 8 47 86 48 6 94 45 88 95 21 4 91 52 20 85 50 36
51 73 70 98 32 34 18 71 42 85 68 91 75 74 51 53 22 80 5 31 74 36 18 90 58 14 5 98 50 90
18 28 90 51 31 18 18 10 14 16 50 89 48 31 25 81 68 22 52 84 62 37 89 33 60 80 19 88 50 63
65 62 78 50 51 91 73 13 34 64 78 22 33 27 17 77 31 30 79 1 75 69 85 9 18 77 8 91 9 36
49 10 28 98 1 12 23 70 50 10 35 64 88 99 74 32 57 18 72 21 86 93 97 8 86 88 79 77 65 47
63 45 73 60 90 68 28 31 48 57 14 13 98 40 6 89 52 91 64 20 51 33 91 75 42 10 56 82 46 56
40 92 35 71 3 33 26 88 97 94 90 79 14 88 30 44 59 75 75 63 38 27 70 2 72 58 30 97 62 2
41 38 99 5 51 41 90 51 7 59 11 17 34 9 87 86 47 97 55 69 13 59 19 11 100 84 67 32 33 32
5 64 84 19 92 64 100 40 53 26 37 45 40 39 37 33 92 95 10 90 76 34 23 71 83 28 41 60 82 40
48 86 92 83 19 91 64 2 79 4 18 7 21 75 68 23 54 16 16 51 17 92 20 95 12 9 30 19 100 96
46 59 82 80 60 6 78 41 41 1 6 97 63 95 25 6 9 12 86 61 73 71 3 56 38 47 64 86 16 51
45 27 34 12 48 30 7 25 40 66 87 15 78 32 60 14 35 40 59 54 61 84 4 70 40 49 25 9 7 31
83 51 57 38 43 28 17 96 11 82 6 79 28 92 50 41 90 20 55 67 64 93 69 68 80 18 18 12 50 39
6 62 34 3 17 88 67 95 46 86 31 14 30 44 41 59 98 63 12 73 86 62 99 57 74 3 11 92 16 14
61 89 78 97 87 81 87 70 26 94 29 63 5 38 92 32 58 7 50 11 88 98 86 70 90 7 10 99 14 89
94 71 84 49 55 28 47 10 72 59 7 98 17 82 1 79 95 25 42 82 100 73 43 41 79 22 31 22 37 2
36 39 21 17 91 30 36 41 11 30 63 62 85 85 98 48 86 93 86 51 4 99 84 73 97 17 22 45 84 76
58 100 84 34 66 84 10 70 92 21 25 26 11 90 3 30 55 25 32 4 48 49 77 90 61 91 12 46 46 86
22 88 85 36 2 1 3 77 90 47 25 20 1 73 61 48 73 85 80 46 53 45 76 28 30 85 10 97 56 8
51 43 72 100 94 30 38 76 29 76 36 45 39 44 51 59 56 94 16 5 42 26 28 29 59 22 8 78 33 46
37 96 39 100 9 89 61 82 70 35 86 39 94 94 20 82 80 77 24 68 61 90 72 73 17 32 92 47 77 44
10 81 4 60 68 93 59 88 1 98 83 12 7 86 31 69 19 47 40 24 41 12 89 68 59 47 84 92 68 23
20 39 3 20 11 48 41 96 100 86 31 44 23 81 81 33 22 88 89 80 45 31 69 97 78 48 6 83 31 4
94 19 73 72 22 46 26 68 56 36 95 95 18 11 31 67 34 87 89 74 29 11 30 53 58 17 68 73 11 38
12 31 46 84 12 13 74 93 18 17 44 76 42 87 93 86 73 5 34 83 74 53 71 23 15 84 61 12 56 98
