10 10 30 3
8 15 6
18 8 18
18 5 9
15 19 14
6 14 11
17 7 16
20 8 14
18 20 9
7 11 13
11 20 6
5 6 7
10 9 5
13 16 9
20 15 14
5 11 19
14 19 6
15 15 6
15 5 19
9 17 7
12 17 19
17 16 15
9 11 19
9 20 10
11 17 17
18 8 15
13 13 17
18 17 5
12 16 15
10 15 11
16 16 11
130 123 288 171
129 217 117 305
129 318 307 284
74 250 351 336
113 352 296 108
73 144 125 235
51 159 223 185
49 113 140 464
118 127 326 324
35 213 225 405
70 79 48 93 47 70 21 18 27 65
76 51 19 85 82 15 2 45 93 6
24 8 73 67 13 80 44 76 60 16
32 26 51 95 96 61 20 10 55 88
53 15 4 78 53 17 37 22 78 73
47 50 59 5 85 13 8 84 38 75
19 66 31 61 60 1 37 15 6 63
58 92 28 12 5 90 40 81 48 30
94 8 57 16 46 99 21 39 37 9
81 42 83 13 44 40 34 99 40 95
64 15 2 59 27 45 95 34 91 29
62 77 76 94 66 48 74 57 16 22
39 6 84 27 87 6 72 50 6 36
11 12 87 43 39 53 37 12 99 42
99 92 38 70 64 17 53 35 41 63
48 44 83 78 33 20 56 8 77 40
1 43 42 66 19 66 36 8 93 62
44 46 91 49 72 86 83 53 13 64
24 52 40 96 59 8 23 66 16 81
62 46 11 89 31 4 39 19 69 5
50 95 98 74 71 81 7 63 52 41
81 18 68 47 6 97 70 95 18 93
93 39 39 59 47 8 66 27 44 17
69 9 38 41 22 48 42 18 54 98
22 88 14 31 87 65 31 84 19 18
32 75 83 2 100 75 33 41 41 73
32 78 45 16 60 45 82 44 6 25
33 22 42 91 37 2 19 70 58 95
91 44 87 21 16 79 71 47 70 21
45 11 20 19 94 69 6 20 65 30
130 194 92 140
129 289 307 333
129 242 203 160
26 237 340 460
50 118 95 485
84 146 357 482
69 134 181 231
43 342 130 107
65 351 113 235
70 349 169 195
9 2 67 76 39 82 7 16 92 83 20 27 33 30 65 80 12 90 81 42 45 36 100 70 27 76 76 22 79 20
19 46 42 61 31 27 85 46 62 29 86 32 61 61 9 39 11 89 16 69 67 39 56 68 84 36 16 38 42 10
70 54 15 91 74 60 55 20 89 71 87 30 70 40 28 86 92 56 22 34 92 82 82 16 74 35 38 91 7 55
71 38 47 7 92 86 15 55 15 82 43 24 54 48 96 92 57 43 75 59 12 74 53 35 8 37 35 81 57 4
28 60 14 38 70 17 67 58 40 12 78 72 80 89 70 29 57 56 69 27 100 23 91 27 6 34 51 37 43 70
53 82 46 92 86 24 32 87 59 68 19 27 97 22 29 44 73 79 87 15 1 37 84 78 6 71 65 96 8 35
70 69 45 23 4 69 61 74 10 21 67 12 73 100 90 6 75 78 90 85 27 29 88 26 3 66 75 31 22 88
80 26 6 87 87 67 5 47 48 28 52 61 73 100 83 45 35 7 84 99 81 4 17 58 72 20 9 57 97 21
72 18 6 83 33 2 4 11 5 91 99 72 66 46 47 88 97 13 22 6 29 61 92 47 72 43 9 95 36 97
64 53 100 62 10 63 11 63 39 30 1 71 66 97 80 44 68 54 46 15 93 94 52 74 55 80 40 62 71 8
35 39 30 94 43 50 35 89 97 52 92 63 15 64 76 24 1 96 88 51 70 80 49 23 15 52 94 35 23 26
58 34 95 85 97 24 13 40 20 16 70 85 93 55 64 81 28 45 46 44 53 27 54 84 39 23 93 30 17 17
90 94 26 70 71 25 80 4 7 55 97 56 28 49 58 32 25 33 5 97 71 24 55 21 82 99 13 36 22 31
13 40 87 23 63 39 92 95 19 46 25 69 90 29 59 62 21 35 15 34 1 23 75 35 77 97 46 11 28 13
54 50 79 15 30 81 86 43 33 87 71 60 47 50 23 64 67 98 92 29 50 91 96 21 95 76 41 20 76 7
80 36 16 3 4 84 9 20 25 73 12 55 54 38 75 41 64 35 6 36 77 28 99 61 12 65 88 90 99 2
9 54 31 80 27 4 30 75 16 85 87 60 77 63 13 89 40 22 37 93 52 7 23 86 24 87 8 38 24 56
83 40 63 33 93 73 38 27 57 66 20 2 5 38 54 68 73 39 69 54 24 43 92 68 100 99 93 46 40 47
65 87 67 63 83 13 44 98 45 43 66 92 58 88 56 69 100 61 65 20 48 83 16 37 51 84 70 52 71 22
51 35 93 27 91 22 26 57 94 46 1 52 64 40 36 13 36 46 9 60 4 84 35 26 30 4 92 35 11 12
8 79 46 24 61 54 9 42 74 70 47 31 4 4 95 49 88 99 91 14 77 58 87 55 51 96 27 20 62 15
28 66 32 64 45 75 82 48 38 97 22 22 91 2 43 46 50 58 43 2 43 6 36 88 96 13 53 59 87 40
55 76 89 12 3 28 55 84 68 87 84 86 92 54 84 66 52 27 39 27 85 88 69 100 44 12 89 8 94 60
16 12 80 45 38 42 18 67 26 45 26 83 2 88 40 81 64 90 24 38 74 15 82 59 22 17 44 9 11 50
98 46 53 13 42 32 23 41 49 61 38 35 10 5 61 16 78 85 62 61 42 24 63 45 1 99 7 36 82 93
80 46 41 22 71 69 66 44 62 5 41 81 27 29 21 22 5 98 3 86 16 39 75 65 97 83 13 69 60 56
21 8 39 6 18 25 67 100 92 39 20 64 35 20 35 94 90 18 89 77 52 38 44 71 8 75 90 90 41 43
88 10 86 45 22 71 67 95 24 40 73 18 74 7 57 91 7 78 26 64 23 25 78 80 76 20 17 20 22 96
76 9 36 32 80 7 81 47 99 87 59 62 76 4 69 8 14 25 77 52 37 95 100 25 40 26 48 84 35 69
63 65 12 100 64 77 37 34 8 74 58 28 33 17 92 60 58 33 4 56 16 15 79 11 56 75 17 50 81 36
