14 14 30 3
7 5 12
5 12 10
7 19 14
7 11 8
18 7 6
5 6 8
10 20 7
11 16 13
5 10 9
19 15 6
16 15 9
15 6 7
7 9 11
5 20 20
15 18 13
8 6 17
14 7 8
13 10 8
9 14 9
11 6 14
16 12 15
15 13 5
8 12 16
7 18 10
11 20 15
17 19 8
10 11 9
17 5 15
9 17 9
17 13 10
111 357 136 236
111 116 251 381
111 262 292 133
44 358 198 237
8 210 160 448
16 178 296 262
49 223 270 129
1 94 150 322
50 278 241 284
33 340 117 410
67 248 95 372
28 215 176 151
56 359 204 443
37 270 177 139
52 64 68 3 31 9 40 30 34 10 60 84 53 2
27 33 4 88 64 47 46 76 76 18 59 24 59 73
28 82 1 75 59 82 34 98 55 20 88 17 22 96
25 74 62 84 92 42 33 24 85 83 62 18 14 56
7 8 9 8 47 62 83 62 49 57 10 27 60 78
83 28 46 2 71 10 69 4 79 7 43 49 74 97
41 92 66 51 49 87 64 42 71 97 4 91 28 88
8 99 31 73 49 83 38 56 41 10 71 95 68 30
74 23 68 49 15 13 84 26 57 37 22 32 89 17
82 19 21 61 21 60 97 9 40 38 36 27 30 94
80 23 23 5 64 5 36 6 86 24 37 88 88 1
3 70 93 7 56 49 22 60 38 37 81 97 44 6
60 76 69 99 57 98 92 78 72 10 25 98 98 88
30 39 36 98 40 78 60 44 77 31 73 44 98 68
24 23 2 29 10 41 39 81 98 86 62 16 58 61
99 63 75 27 36 26 95 22 66 39 40 56 57 60
37 67 69 43 87 31 33 18 46 38 99 26 98 17
11 6 95 48 14 19 34 88 15 80 91 66 40 92
46 24 95 26 61 93 17 17 100 12 49 57 70 41
65 75 72 75 37 3 38 52 84 99 4 21 67 37
94 37 84 68 75 19 2 1 96 63 17 37 81 58
4 55 21 49 60 66 82 62 25 21 69 70 64 5
31 23 78 68 44 97 93 73 28 37 45 85 45 4
89 24 80 24 19 3 63 87 3 82 54 60 97 67
15 99 32 4 80 45 62 30 27 90 29 86 54 92
47 15 72 89 64 72 99 5 39 70 35 45 87 85
68 53 10 61 7 47 13 74 53 27 100 45 57 72
81 52 65 93 68 35 22 58 71 4 49 42 47 71
57 94 22 62 26 72 46 99 27 41 49 14 89 91
49 99 8 77 61 75 31 94 63 66 73 79 69 16
74 74 65 53 34 16 7 96 88 37 86 1 52 51
6 73 87 25 98 33 88 97 94 48 14 92 28 81
39 27 99 62 20 3 72 42 35 59 70 70 58 8
60 77 9 91 52 56 60 26 66 26 84 50 10 13
56 76 33 75 32 38 21 70 19 95 25 2 36 37
29 52 94 75 60 58 23 66 76 69 87 64 88 77
94 46 55 29 46 56 69 58 34 33 69 75 85 76
55 81 41 72 72 1 52 99 97 75 48 51 52 12
53 63 48 29 38 18 44 35 89 46 1 98 6 31
1 55 53 85 37 65 47 90 28 14 55 76 59 78
75 98 52 31 1 18 93 16 17 51 45 20 18 12
94 90 15 47 68 23 83 17 7 4 51 44 78 97
111 251 315 192
111 243 162 480
111 158 233 416
90 297 239 356
25 147 237 122
2 324 125 105
11 279 96 162
33 276 231 410
79 122 121 296
3 342 293 332
27 154 287 255
108 251 85 156
79 189 247 263
33 242 138 115
23 38 49 43 41 47 84 13 19 41 77 48 15 94 46 80 10 63 73 83 100 17 77 25 63 96 30 50 33 83
61 23 71 65 43 9 36 32 29 27 79 45 7 15 23 10 62 27 2 24 40 79 82 82 47 82 99 18 92 95
1 4 16 31 13 92 89 19 29 16 30 79 80 95 22 60 21 2 36 35 1 84 26 11 92 90 76 16 90 44
66 75 87 82 30 7 61 55 79 84 45 38 56 49 70 75 17 81 33 19 56 34 85 8 10 10 23 18 8 4
3 83 60 80 58 1 10 35 79 42 37 37 88 1 3 77 79 54 47 8 10 84 100 62 54 19 54 92 27 43
88 40 54 68 93 36 86 73 39 94 54 1 76 98 85 62 15 93 18 75 6 72 6 41 90 98 70 22 88 70
52 71 13 61 14 50 97 62 88 75 83 97 71 30 13 65 72 27 32 42 99 46 25 67 52 85 26 48 31 16
2 48 23 21 39 85 85 97 3 11 50 16 83 84 43 86 6 93 31 25 43 29 91 69 45 13 91 35 23 87
66 75 34 87 14 70 45 8 93 61 72 92 63 2 4 25 64 67 10 61 46 74 9 57 9 5 96 77 50 25
79 31 99 76 17 21 53 83 12 76 11 43 17 11 58 90 38 54 30 84 73 17 44 93 98 30 60 42 7 63
77 73 68 2 11 94 18 3 47 56 84 44 55 13 50 59 48 43 46 18 79 22 33 72 78 78 39 47 7 21
60 34 79 43 24 18 44 12 51 56 54 68 48 6 83 75 50 81 52 66 42 93 15 87 97 57 64 96 6 76
19 16 66 29 36 33 83 47 23 28 3 17 37 32 76 17 46 42 20 70 2 80 92 10 92 6 32 15 51 55
20 90 93 79 89 9 40 83 100 4 84 47 66 43 25 21 42 74 71 70 39 18 13 26 8 23 34 17 20 97
23 99 89 2 16 45 98 6 13 58 16 52 96 38 37 81 44 71 2 51 87 94 13 19 90 28 41 27 42 1
21 28 8 37 73 45 6 95 82 28 29 98 74 72 54 78 58 99 67 79 2 4 56 17 66 44 19 86 61 57
32 97 45 84 19 78 19 90 19 94 80 97 53 94 71 71 79 83 99 15 64 56 62 88 92 63 94 57 13 65
5 5 71 41 50 48 1 18 92 17 11 40 93 27 9 72 29 90 20 80 37 53 72 62 92 40 73 38 52 20
68 55 4 69 5 70 88 29 11 69 70 96 56 60 93 45 17 68 97 79 25 49 23 92 91 63 83 57 11 53
57 16 62 40 48 93 17 96 23 13 9 11 74 91 89 74 17 93 12 59 66 57 61 19 99 54 72 6 6 37
94 87 41 25 19 29 68 79 15 41 67 81 30 32 54 32 81 44 85 56 52 40 93 45 39 100 1 10 70 30
79 35 80 64 37 7 89 14 22 74 23 46 17 49 51 56 93 76 78 35 53 31 60 70 31 72 85 44 68 3
99 28 9 49 53 94 69 97 52 59 91 63 41 3 18 65 70 65 99 25 5 54 43 2 71 19 70 46 9 31
55 7 100 99 99 48 31 14 89 64 34 22 47 95 62 92 88 87 18 1 7 88 41 19 15 14 43 73 55 9
81 8 61 94 5 63 94 18 46 32 46 71 3 1 72 97 12 15 48 5 48 52 51 85 29 68 23 72 23 99
65 42 10 79 21 92 40 91 96 55 90 51 86 100 77 27 85 100 52 9 7 85 66 38 24 11 63 69 94 68
40 40 30 28 57 2 53 60 99 89 30 60 34 5 80 82 20 97 33 22 100 68 98 55 100 33 29 58 47 26
22 64 47 84 62 61 30 84 93 33 96 79 52 64 70 72 7 34 53 81 81 14 32 20 2 5 37 14 36 36
94 10 64 37 50 31 35 95 17 65 7 95 89 58 21 40 25 23 100 83 9 45 47 28 92 41 27 18 77 62
76 74 31 2 51 57 39 86 72 31 59 17 56 24 55 56 74 88 37 24 70 28 29 97 84 33 66 51 76 93
44 48 27 95 12 87 61 14 75 59 53 74 6 48 86 29 35 82 74 2 98 38 46 92 38 10 6 78 70 77
23 58 10 1 96 77 67 95 36 9 62 87 49 82 1 58 20 96 81 78 38 13 79 93 35 24 16 4 54 98
12 57 100 72 60 36 10 54 93 21 38 53 21 57 80 34 19 86 30 42 19 96 89 6 71 34 14 12 25 50
31 25 6 70 61 77 52 37 83 57 83 35 73 39 8 98 52 77 49 96 7 80 41 5 46 74 35 79 25 13
72 31 73 70 20 86 69 13 90 24 72 60 3 49 63 9 74 92 29 65 93 15 25 36 95 7 66 95 100 66
34 14 46 19 28 60 76 32 97 32 70 94 45 16 7 28 83 27 47 67 56 98 55 63 79 27 86 23 75 38
8 77 53 57 14 1 70 42 14 51 72 62 21 88 72 51 81 75 1 14 42 81 20 88 43 11 49 58 67 26
74 47 45 31 78 32 4 32 74 87 27 78 49 1 5 18 81 100 17 89 22 90 76 70 78 92 24 28 8 9
67 41 32 20 63 37 85 38 100 47 19 92 54 39 74 31 53 98 17 50 41 85 85 7 89 97 80 49 23 53
17 23 60 98 52 30 31 9 50 4 90 17 75 29 4 27 57 98 17 59 84 13 76 7 49 41 19 71 77 58
32 5 97 97 72 73 45 99 26 19 75 2 97 3 12 80 12 64 93 28 7 69 10 10 8 40 8 75 23 87
72 16 26 5 80 81 27 86 62 63 88 20 52 54 86 5 46 96 93 91 45 33 26 24 92 27 93 64 90 31
