14 14 30 3
8 5 15
10 5 8
19 14 13
14 16 7
17 16 7
10 14 18
16 6 16
8 10 9
8 11 8
7 7 19
10 15 14
12 8 19
11 13 20
9 9 16
9 9 12
11 10 19
7 20 7
14 13 18
18 15 20
17 10 5
5 16 7
12 12 5
14 7 18
20 8 17
9 11 15
15 6 5
14 20 16
18 16 9
11 20 18
9 13 9
73 148 375 104
72 320 387 200
72 247 99 485
72 312 336 320
72 354 346 368
46 112 103 389
59 77 315 222
44 319 306 168
68 354 217 281
3 288 315 107
28 273 129 401
28 262 285 499
62 279 164 333
43 152 133 272
61 59 97 97 46 59 5 19 6 27 76 30 35 8
65 94 97 32 92 51 22 43 8 75 83 99 33 61
85 81 77 54 4 95 4 37 55 71 51 17 8 73
65 86 99 25 47 91 83 49 85 67 63 12 34 33
4 9 53 66 61 44 85 33 99 7 8 27 70 17
96 79 20 3 86 78 70 79 74 21 15 55 82 43
99 43 84 13 87 31 54 3 43 57 73 21 79 19
16 53 41 88 100 63 63 9 55 4 22 91 76 11
1 97 35 36 97 90 6 50 1 100 37 77 16 34
76 61 34 69 64 7 73 81 59 60 74 99 9 91
42 71 16 8 64 4 84 48 17 24 8 98 68 28
48 11 88 13 83 66 41 18 24 50 33 5 76 38
79 59 51 97 70 39 19 66 92 77 59 58 26 46
33 21 21 68 17 48 9 44 56 76 79 8 31 76
75 60 97 73 56 83 7 82 13 7 4 52 53 96
10 34 88 47 6 32 27 54 7 99 59 86 7 84
100 45 87 65 75 59 99 89 30 60 11 47 98 8
30 67 62 83 2 85 92 66 92 79 51 19 75 54
29 78 37 99 30 9 67 70 52 32 79 86 60 13
8 11 75 74 49 22 27 80 50 92 46 89 34 8
90 47 99 56 94 52 21 37 97 5 3 76 59 19
74 59 72 20 12 17 22 70 47 48 58 6 44 79
45 68 88 98 18 99 84 16 14 95 72 87 6 42
100 92 65 27 54 48 85 35 71 50 5 15 55 70
89 2 23 66 94 44 33 51 30 7 2 61 46 47
86 100 42 70 28 85 40 95 85 30 37 44 90 86
56 98 59 75 62 51 53 75 30 18 5 45 93 32
28 93 20 36 4 99 13 88 69 83 14 58 68 8
90 83 34 74 47 86 90 47 32 6 70 97 77 34
20 31 92 20 28 9 96 19 38 48 68 35 9 65
88 7 11 49 46 49 65 66 53 33 58 84 100 41
29 47 86 99 48 63 69 48 39 87 32 51 18 93
29 31 59 91 10 72 86 88 40 31 35 30 28 60
19 69 25 36 96 51 13 56 78 79 46 15 51 66
94 92 16 54 83 21 64 23 77 68 100 85 96 57
89 20 54 25 78 33 16 20 46 64 23 67 36 94
48 86 25 91 78 17 55 30 79 60 43 85 56 9
57 98 69 29 66 51 11 24 73 16 65 79 88 54
91 65 3 83 32 13 49 36 15 22 18 39 20 79
64 56 46 69 96 79 91 25 47 86 24 14 60 32
75 55 26 87 6 96 72 4 32 47 39 61 36 30
52 85 83 99 32 60 96 78 69 14 45 32 2 54
73 332 200 157
72 321 368 328
72 227 130 114
72 286 273 238
72 230 346 336
32 267 352 158
17 174 310 195
45 142 377 248
19 255 171 487
36 220 370 234
36 195 231 453
11 310 208 450
38 217 291 319
26 145 169 272
67 8 45 57 78 91 80 60 77 91 8 85 83 96 1 82 35 39 71 4 4 91 52 70 25 41 17 24 72 61
74 43 63 59 30 61 57 64 40 51 42 16 98 58 90 84 61 4 49 32 42 35 51 15 11 69 28 6 68 15
2 100 37 65 63 95 87 14 15 80 30 74 73 1 19 90 100 62 20 92 61 18 54 99 41 7 87 27 89 64
40 88 59 7 69 35 30 43 32 26 2 35 85 32 72 63 93 7 22 5 20 38 59 33 54 13 100 46 14 11
76 25 70 80 29 51 11 48 78 34 7 49 100 5 99 12 9 15 41 7 20 15 18 34 29 39 51 64 76 69
51 58 10 96 72 3 74 68 39 49 53 78 98 63 99 56 18 71 65 33 69 84 5 63 32 39 31 30 69 58
34 55 45 87 48 7 41 14 8 93 55 72 85 32 34 19 86 92 94 49 58 36 54 98 40 57 47 72 25 2
10 75 99 32 79 87 10 57 84 8 59 19 81 1 13 93 64 56 58 83 1 76 98 86 52 68 90 69 95 70
70 61 92 19 24 22 65 66 77 85 2 97 55 49 83 66 35 9 3 41 75 62 75 51 99 40 44 68 34 95
35 8 89 74 6 89 88 88 39 82 22 63 28 95 21 15 76 14 4 25 48 85 89 65 21 20 64 64 49 57
77 61 13 29 43 66 8 13 11 59 49 19 43 40 60 56 19 32 76 43 87 26 67 69 10 14 17 31 30 12
54 21 77 71 62 67 13 62 31 10 80 95 2 62 73 86 97 66 6 78 17 32 86 38 38 64 58 27 78 36
72 15 88 13 69 91 66 31 81 59 51 2 31 94 12 58 12 88 72 19 87 52 11 51 86 60 23 34 44 52
78 46 91 1 16 47 53 50 88 86 85 84 74 69 30 58 86 61 33 56 85 52 80 11 15 77 5 80 71 79
17 80 16 18 35 94 46 98 15 33 80 1 54 10 89 99 85 4 21 100 91 24 20 63 89 92 28 36 78 70
65 43 14 28 93 52 36 58 67 90 21 55 93 15 49 65 74 27 82 94 3 9 71 31 68 78 66 60 18 48
77 91 56 89 87 31 5 57 94 99 58 48 71 8 34 53 93 44 16 2 68 32 61 73 97 41 23 6 56 35
99 52 78 14 100 60 67 29 67 64 99 88 6 14 28 84 9 58 91 45 54 28 95 38 12 73 11 47 71 87
9 7 84 80 8 13 6 28 55 13 43 16 92 100 57 33 59 63 9 30 23 15 98 98 58 89 47 1 29 66
42 36 17 65 92 99 59 77 28 56 58 29 83 92 66 80 44 5 31 23 18 74 22 97 9 33 96 77 26 82
58 58 2 99 29 63 8 91 65 94 78 35 83 51 47 84 98 73 99 28 69 87 20 90 68 5 58 89 42 25
1 93 77 84 10 92 50 96 100 15 6 59 87 42 82 93 35 67 69 86 30 93 53 6 93 30 92 25 86 46
64 52 3 30 5 17 67 56 75 20 5 69 94 15 31 81 11 12 49 51 78 10 49 21 23 31 58 9 19 89
1 85 37 63 93 90 24 94 30 48 56 67 41 44 85 4 62 20 37 2 63 45 15 89 60 82 64 14 26 87
33 79 20 76 31 95 85 10 7 41 56 74 76 23 76 80 88 44 100 9 45 77 23 31 57 33 74 48 31 67
72 97 66 72 66 64 94 47 55 31 38 90 70 85 34 15 61 70 41 15 20 51 37 83 56 48 99 67 21 33
71 70 17 37 64 97 3 6 67 58 35 95 82 98 36 4 8 16 8 17 36 37 28 7 15 63 46 59 91 63
53 87 55 79 5 43 25 34 37 55 90 53 95 50 83 87 88 75 97 84 27 67 98 30 52 43 85 56 62 23
44 99 50 63 95 25 11 83 43 93 69 28 49 82 18 41 91 2 88 98 5 71 20 43 29 89 67 74 20 79
89 28 95 71 81 24 11 20 19 24 12 91 45 72 55 85 67 88 26 33 42 76 76 23 47 95 1 15 25 85
29 68 96 35 44 45 47 4 37 65 49 47 62 29 67 49 41 37 2 30 3 11 69 39 82 32 50 51 81 5
53 59 27 19 27 6 62 17 52 37 8 8 51 3 49 42 20 62 47 36 60 43 72 88 30 33 63 27 88 53
46 52 70 30 80 85 59 25 94 4 2 28 17 97 76 88 54 80 40 11 36 15 65 51 17 80 90 96 22 11
4 37 14 29 31 31 4 68 52 79 79 49 35 47 37 53 81 10 22 57 68 79 25 53 94 79 75 86 30 22
69 55 37 35 57 9 51 37 87 100 3 72 53 52 45 51 43 11 54 87 74 54 43 14 15 56 82 66 25 28
51 2 99 62 46 66 61 56 80 30 17 37 6 66 38 3 11 57 58 56 91 11 31 87 11 24 80 76 79 50
97 28 30 71 27 42 19 59 3 23 96 97 37 80 56 33 54 14 36 19 76 62 88 81 9 76 37 93 38 39
89 15 97 32 55 40 4 23 8 86 95 4 51 14 16 29 71 50 35 70 89 39 11 96 11 58 31 74 85 40
83 80 39 73 19 43 29 81 40 48 24 14 14 39 44 83 76 2 48 22 63 20 9 75 59 79 75 67 63 35
18 32 28 48 38 89 72 52 64 95 29 83 82 25 50 85 11 25 23 100 42 92 3 14 40 66 41 24 99 40
35 45 64 82 43 93 52 9 24 72 13 82 19 25 66 70 13 38 77 17 13 94 73 10 52 40 73 55 12 18
64 43 26 100 43 32 8 15 30 94 23 21 92 42 97 23 96 37 89 45 37 88 31 11 44 93 9 65 40 94
