14 14 30 3
18 18 15
17 6 17
8 15 8
11 6 20
19 10 17
12 12 8
8 14 19
8 18 5
19 8 10
15 5 13
9 16 18
10 8 18
12 6 20
14 10 13
16 9 11
6 13 17
12 13 7
5 19 8
6 5 20
12 20 8
11 20 17
6 14 15
14 20 11
20 14 18
7 11 18
19 17 8
5 19 12
11 19 11
11 16 7
15 8 7
51 385 102 212
51 278 276 215
51 367 391 416
51 272 396 373
51 212 117 400
50 122 106 186
50 162 206 227
14 201 173 410
29 160 393 282
2 122 200 329
48 195 351 211
41 381 354 406
4 92 61 329
36 167 102 461
51 15 99 37 90 26 48 49 23 15 61 28 58 76
92 45 19 28 10 93 99 4 92 61 62 92 99 39
7 14 63 19 39 36 18 4 70 40 57 22 9 35
61 85 86 52 75 42 92 74 84 2 84 23 79 65
34 46 80 18 76 53 13 26 69 15 22 76 18 44
45 71 98 4 26 92 3 17 89 100 73 4 53 7
81 62 84 58 64 33 17 78 33 55 22 42 63 21
6 68 61 43 19 50 76 93 85 99 66 93 28 56
60 27 45 56 86 68 27 32 1 94 2 18 46 23
42 23 24 48 45 73 19 55 36 23 15 87 53 50
10 23 8 7 93 56 57 72 16 40 62 35 18 23
58 72 50 43 6 56 14 84 1 82 14 34 22 95
1 3 27 95 7 91 75 7 97 100 79 49 95 9
21 57 1 27 72 61 32 41 87 73 9 83 78 15
98 20 76 95 59 62 43 81 13 38 50 70 37 13
59 71 62 11 68 81 36 38 25 40 89 32 88 43
20 28 21 16 58 38 25 34 22 24 94 83 93 34
51 14 66 46 46 77 27 10 93 89 19 10 100 45
61 67 62 51 32 60 48 4 80 24 30 32 46 84
39 81 65 89 97 76 94 98 61 91 59 73 77 58
98 7 86 50 20 19 72 69 83 94 96 73 81 39
36 54 75 64 55 36 35 46 47 98 12 65 86 42
68 89 58 66 17 96 95 89 87 30 59 19 99 63
99 17 64 15 61 100 58 29 92 71 70 74 86 84
24 59 70 13 19 23 100 60 65 65 6 98 21 75
62 97 77 2 23 66 38 66 95 23 13 49 19 45
21 18 94 18 2 93 36 24 20 93 69 53 26 17
29 5 13 88 51 22 90 45 6 91 81 16 57 62
65 14 75 41 37 89 99 43 93 25 42 33 43 99
86 75 11 49 38 89 36 35 35 15 82 52 58 79
92 41 59 66 84 43 23 83 61 49 56 89 13 51
67 74 70 44 35 84 60 25 10 23 85 93 14 64
43 36 85 43 88 17 33 21 73 91 87 85 56 75
73 99 22 32 96 44 34 62 34 26 88 57 38 37
63 67 15 47 91 38 27 79 59 88 16 49 92 72
80 37 82 2 95 24 90 90 30 34 28 14 100 50
72 89 26 9 64 42 80 91 26 94 16 69 23 44
58 61 43 89 44 31 12 8 89 10 58 31 27 23
87 64 41 24 23 63 92 36 24 96 5 28 17 22
19 18 24 94 11 65 1 7 53 84 38 46 27 6
36 84 70 4 36 2 74 6 93 49 56 17 27 49
26 28 91 14 2 18 31 29 92 65 26 20 1 21
51 174 268 271
51 171 55 372
51 292 153 130
51 319 370 449
51 312 170 230
50 226 339 158
50 312 334 335
11 287 160 299
22 83 217 333
14 85 148 326
9 49 231 229
10 263 73 303
28 373 269 391
2 95 306 330
47 62 58 46 75 37 99 37 74 71 74 100 75 23 3 58 73 1 70 40 79 3 75 20 46 55 60 63 34 79
54 30 66 63 83 6 38 82 47 70 8 4 92 10 28 83 93 23 63 76 39 73 46 95 53 77 18 77 54 73
48 36 53 34 40 79 57 53 21 11 26 98 72 84 88 95 89 72 54 32 68 77 37 48 37 11 28 90 69 89
14 34 34 16 43 99 57 94 75 62 43 12 99 5 30 52 10 35 32 35 94 24 96 7 62 100 91 75 73 35
14 84 56 72 61 53 60 54 88 23 12 35 26 81 50 22 74 26 37 20 7 75 6 3 40 38 97 83 65 89
39 49 7 17 79 27 26 54 5 9 64 19 18 18 62 57 55 22 61 76 65 51 31 77 24 44 82 68 35 14
16 28 45 82 81 78 23 82 22 47 51 42 63 55 26 15 48 99 12 46 26 59 61 32 81 16 87 37 67 33
54 48 88 59 80 65 17 69 100 71 14 22 91 18 91 10 4 8 2 82 96 38 58 82 28 91 31 76 44 63
57 5 78 83 100 68 70 82 62 79 24 62 92 19 74 22 7 14 76 1 39 90 100 9 88 80 73 35 57 11
82 74 25 67 49 83 21 93 96 86 91 76 31 21 88 76 94 30 6 100 28 70 81 52 92 27 83 86 83 17
67 86 87 35 77 1 64 72 58 79 86 55 52 5 58 8 51 34 59 33 65 41 27 77 68 80 91 5 99 61
19 21 13 75 57 33 13 66 73 80 49 4 44 60 40 45 26 1 17 44 90 35 50 50 57 15 11 54 53 80
85 85 70 55 37 83 61 83 79 26 81 71 65 6 18 20 68 54 30 35 51 11 13 73 5 41 60 4 67 79
77 53 41 28 51 49 85 100 77 39 57 78 35 90 13 74 9 7 8 47 81 68 10 19 84 77 25 23 59 90
11 56 9 50 41 58 71 14 47 41 18 25 17 13 79 71 47 77 24 72 91 49 80 51 32 71 4 76 33 64
10 13 62 100 39 49 6 24 53 70 75 20 70 62 51 36 80 46 32 76 63 54 51 48 37 71 1 25 56 95
69 38 28 86 42 73 94 99 89 68 59 79 68 68 83 28 57 30 14 6 44 66 46 89 67 76 20 92 58 63
48 48 53 55 74 20 25 88 89 12 88 84 93 93 24 100 95 64 16 69 43 47 16 59 47 49 62 13 37 39
92 13 41 43 11 89 66 59 42 78 1 67 45 13 62 24 57 49 53 41 44 41 83 86 49 13 51 46 52 31
87 8 63 50 34 44 81 28 55 8 84 87 53 48 63 67 44 67 38 59 83 54 72 86 77 26 42 5 89 97
50 83 51 56 10 99 91 79 21 9 43 10 9 74 4 65 58 56 98 13 49 15 49 97 86 17 67 69 9 10
35 9 20 63 90 66 55 43 70 60 1 23 3 56 90 53 16 77 89 87 95 91 52 75 17 74 4 56 22 91
24 66 6 40 99 38 30 38 13 61 40 34 89 46 38 92 37 39 75 91 87 85 57 14 43 60 65 11 11 99
45 22 57 51 65 75 80 25 27 100 67 94 88 58 36 71 51 98 65 81 3 14 55 55 31 68 84 100 9 31
6 97 59 28 68 25 98 8 62 51 42 33 76 69 22 84 60 88 33 69 64 34 61 6 31 64 57 71 80 68
36 31 40 15 53 36 6 19 90 72 18 78 23 30 46 94 62 80 18 35 7 81 26 27 76 74 55 84 11 84
50 45 38 70 43 60 79 13 74 87 93 20 9 61 43 77 87 53 69 85 29 19 76 55 56 69 71 21 27 74
80 84 56 68 5 34 79 97 17 50 35 43 86 22 56 6 23 7 55 95 86 76 80 15 11 40 92 58 52 67
79 95 72 100 65 26 2 11 38 88 89 79 22 90 16 55 97 72 44 32 50 11 28 25 60 51 52 57 97 60
67 44 5 45 48 22 30 80 25 26 19 65 58 6 1 27 81 2 29 77 35 55 95 88 5 74 70 63 45 63
50 60 64 1 18 89 54 45 40 34 37 44 7 93 44 100 55 55 61 41 22 65 93 59 57 23 29 51 2 100
12 66 44 80 11 29 28 3 99 68 33 70 18 28 49 69 62 49 7 54 82 83 24 29 50 30 75 11 27 17
80 86 79 89 30 15 72 48 67 19 28 37 37 23 76 72 2 22 38 41 4 38 73 7 70 65 96 58 54 74
84 25 89 86 53 44 97 18 27 28 9 2 6 44 10 71 45 60 83 50 16 79 1 47 88 76 16 33 100 94
65 68 45 91 70 78 66 86 63 86 70 76 21 2 73 88 7 69 17 38 92 41 57 93 34 64 35 41 96 4
48 60 85 2 55 6 96 55 20 79 39 62 35 31 49 55 41 12 77 77 3 96 12 38 17 50 15 6 85 16
37 35 95 30 10 33 66 88 36 41 78 94 12 91 35 79 21 80 79 44 9 5 94 18 96 34 62 87 89 30
67 61 100 29 27 22 58 71 63 28 23 23 12 40 79 46 84 40 75 46 84 76 14 61 79 17 1 45 47 89
36 64 44 72 56 19 63 19 100 83 64 20 24 5 31 27 43 28 9 49 89 42 65 63 99 87 55 4 100 89
91 57 28 48 97 28 6 5 11 63 97 21 64 62 50 54 39 52 84 79 85 95 89 41 62 94 11 45 24 92
39 33 57 59 32 7 70 71 30 69 21 23 78 17 85 98 89 67 75 16 93 75 42 39 22 79 45 71 36 59
94 8 18 15 58 56 33 80 35 85 97 73 36 80 60 77 23 100 36 27 55 13 68 36 6 87 49 30 98 57
