12 12 30 3
18 15 13
13 15 5
20 17 19
6 19 18
18 10 17
5 17 9
6 7 16
17 5 5
18 13 7
13 20 11
13 18 15
10 5 15
20 18 16
17 7 10
14 10 6
12 15 10
13 15 17
9 19 13
15 6 11
10 15 9
8 20 7
7 7 17
9 15 12
6 18 18
10 8 13
15 9 12
12 10 6
6 10 13
13 13 18
11 12 13
52 52 368 483
52 130 207 338
52 285 204 127
52 179 224 233
52 147 254 320
52 306 326 212
51 207 266 440
33 349 369 127
45 357 120 123
40 59 177 110
33 73 343 399
34 129 115 237
43 74 98 95 97 77 35 41 9 53 79 67
19 49 22 80 96 79 99 77 69 12 42 56
3 7 35 1 12 34 76 93 45 37 100 2
25 35 67 73 50 29 58 35 91 11 94 64
57 48 28 61 87 82 20 16 49 43 62 10
16 61 42 1 38 87 28 5 65 77 58 92
68 80 80 66 24 27 1 96 65 52 39 38
8 95 51 82 61 2 43 25 1 42 9 21
19 8 29 71 16 56 59 8 30 51 98 35
95 79 79 31 27 52 99 46 89 78 81 77
40 50 10 98 93 70 100 43 82 89 2 84
38 85 66 51 44 54 83 73 1 98 42 59
5 77 28 43 90 78 40 26 51 7 99 78
15 20 52 44 97 37 8 37 2 10 84 5
47 19 66 40 23 89 83 82 20 6 26 68
44 94 10 41 98 64 58 28 15 3 87 92
35 42 22 95 3 37 63 83 29 67 50 18
11 58 9 29 57 55 66 51 41 51 27 49
86 80 61 58 36 58 87 9 27 56 40 50
90 11 37 77 74 50 65 41 4 67 41 71
12 26 43 5 89 73 87 10 45 45 95 14
58 14 87 93 48 19 25 55 38 21 49 38
24 96 26 80 4 87 3 83 26 88 61 11
88 40 58 2 68 13 46 57 88 4 71 26
90 50 75 63 78 2 58 83 71 45 88 77
34 53 92 18 34 62 20 51 27 85 51 77
60 14 33 19 84 99 11 83 28 98 92 25
43 4 65 9 95 44 30 34 86 39 40 51
24 9 32 15 75 46 21 89 40 69 31 24
80 75 57 75 18 77 21 70 11 41 89 27
66 23 54 76 48 74 55 84 47 54 44 25
22 6 61 17 63 87 30 16 19 32 1 28
38 79 18 54 4 39 28 87 55 61 97 48
5 96 79 45 65 10 76 21 87 51 33 63
43 2 82 9 69 65 31 35 74 98 78 94
97 21 59 83 30 57 11 2 100 5 73 12
52 230 262 204
52 330 223 378
52 164 203 436
52 328 95 155
52 292 115 175
52 144 138 265
51 73 362 334
20 62 276 197
23 126 143 147
37 61 173 216
43 152 270 256
10 298 123 302
20 18 71 89 56 21 32 11 40 55 40 23 44 78 92 96 85 62 39 79 44 82 77 99 75 69 26 93 83 20
84 51 14 25 35 37 43 31 51 27 70 13 56 21 31 12 14 27 13 10 70 55 54 99 9 76 67 88 47 31
47 37 67 88 67 84 12 66 93 76 46 38 89 97 50 13 64 88 23 92 89 46 59 25 13 13 66 70 69 91
44 79 2 24 19 100 88 80 61 14 44 11 54 100 79 60 28 64 95 45 48 35 6 65 82 31 8 28 45 8
83 94 68 85 2 36 64 91 15 47 38 59 91 52 7 18 32 55 15 33 86 3 4 81 57 66 90 26 60 6
19 79 52 26 44 58 60 25 53 75 70 19 51 91 24 6 93 40 65 44 21 8 71 60 68 29 20 30 46 32
90 100 44 60 69 81 22 43 14 64 82 85 87 84 98 23 87 18 97 95 7 64 31 60 54 17 4 40 4 61
79 49 55 50 59 19 75 94 54 29 9 97 100 54 100 44 57 69 40 87 63 67 27 74 38 99 68 15 24 92
93 3 96 47 90 90 23 92 98 55 68 18 6 90 45 54 20 67 5 70 99 14 100 32 94 64 1 27 4 29
66 27 40 95 100 32 27 86 3 98 74 23 55 93 11 39 99 33 82 14 38 15 98 78 89 81 19 4 32 91
51 90 54 2 31 90 74 57 83 15 69 43 63 59 92 65 33 34 79 90 87 61 48 89 10 100 73 18 57 32
7 81 70 24 31 59 43 73 83 13 66 4 100 47 28 35 45 62 76 72 83 95 6 68 80 35 48 8 32 48
66 76 4 62 82 69 14 95 24 15 17 96 48 29 38 40 12 75 31 24 96 89 52 28 72 88 64 94 94 11
75 45 94 56 84 72 93 90 86 32 1 95 90 64 47 24 67 91 40 96 73 17 61 91 88 70 41 19 67 35
100 67 44 30 47 57 58 85 8 57 66 45 35 20 7 7 95 53 83 92 92 52 3 54 60 88 26 21 36 97
7 54 22 78 46 6 74 68 83 75 9 64 49 84 58 74 28 65 45 18 58 61 37 26 37 51 37 57 63 57
3 26 32 28 83 98 12 66 51 56 78 79 51 9 67 1 69 62 69 31 76 84 64 57 55 55 52 66 90 96
94 2 43 51 57 79 94 61 96 58 26 36 4 76 6 54 2 99 22 100 15 80 24 75 54 70 81 37 9 99
69 29 5 12 51 31 38 18 97 67 30 96 7 1 17 99 59 33 43 57 58 46 68 29 89 28 37 83 64 52
62 92 69 98 87 100 42 77 41 4 10 14 8 58 9 53 32 12 14 56 85 61 28 61 74 81 49 94 4 33
83 16 86 67 54 37 33 65 80 38 9 67 42 1 57 74 90 15 2 60 61 96 63 39 12 52 6 38 1 89
8 13 56 14 23 11 5 39 93 94 22 28 80 19 92 29 30 53 20 22 58 14 29 88 28 59 97 14 58 99
81 45 80 10 59 79 6 17 80 77 81 39 33 12 37 41 10 38 74 93 87 71 9 28 48 17 52 44 28 7
26 61 51 26 70 56 7 44 16 78 50 23 46 85 67 74 63 86 15 31 11 91 17 3 18 79 14 50 64 59
38 31 56 7 33 79 50 93 37 12 77 82 42 4 74 27 70 61 26 27 88 76 2 64 41 7 77 4 68 35
16 30 13 46 25 81 90 45 57 82 71 94 72 23 66 73 86 97 93 4 15 58 11 13 77 1 37 18 79 64
100 42 1 68 14 92 91 41 48 78 37 70 45 58 18 22 44 39 26 65 41 68 16 4 73 63 29 58 93 54
36 37 68 40 23 35 24 15 84 35 22 82 19 71 61 67 1 74 24 74 14 31 79 7 83 96 20 92 33 98
99 28 64 28 64 31 25 83 16 12 43 5 91 79 53 59 45 77 87 15 99 11 46 2 81 51 76 4 69 79
9 19 19 97 42 57 19 11 42 99 99 23 17 15 44 10 96 23 80 42 20 10 14 49 42 81 26 93 46 70
2 80 90 65 26 78 80 96 16 54 85 1 33 37 22 26 90 54 1 100 6 13 84 2 98 38 37 96 20 22
86 29 79 65 66 67 4 34 88 33 58 58 30 46 68 73 20 29 80 27 79 52 49 92 19 89 73 70 30 12
59 30 41 47 24 27 76 67 69 96 69 15 4 28 59 57 97 41 65 69 44 37 3 8 72 77 100 91 98 86
3 73 2 35 96 58 55 48 9 65 55 83 10 58 89 31 41 65 59 97 85 48 59 17 40 9 47 56 58 93
83 53 3 32 35 50 45 56 92 73 45 24 44 5 49 20 26 36 61 90 56 26 69 77 94 19 1 77 84 89
5 21 84 32 78 51 58 25 67 42 89 19 3 82 39 20 97 99 7 24 5 56 72 10 96 19 95 27 63 64
