14 14 30 3
14 17 20
11 14 8
16 14 5
10 6 6
14 6 16
5 11 8
15 7 9
8 17 15
18 10 18
20 17 15
13 6 11
6 10 5
14 8 9
12 12 17
11 16 15
7 9 6
7 15 7
7 17 6
17 10 12
5 16 18
19 11 20
6 10 8
5 16 13
14 6 7
6 10 8
5 11 8
10 12 20
7 6 9
7 12 6
18 11 16
66 234 70 474
65 274 86 127
65 118 300 217
65 64 208 339
65 262 292 408
16 65 98 288
13 225 212 414
23 262 260 262
9 255 89 150
32 170 308 441
38 314 176 375
5 108 69 455
54 232 317 487
36 248 155 215
81 13 48 12 49 70 37 84 95 40 18 27 55 71
64 77 34 34 14 39 9 1 16 18 32 21 11 22
24 45 82 45 83 69 93 83 12 50 34 96 9 85
55 10 16 60 66 70 30 85 72 32 100 8 8 10
93 48 9 1 98 42 1 46 61 38 72 55 59 72
27 21 50 18 67 63 93 77 84 79 5 66 94 57
73 11 58 54 84 34 87 78 46 53 71 94 16 94
93 91 58 71 7 57 100 100 34 6 89 36 1 63
76 65 88 56 37 38 18 52 48 19 78 89 70 59
61 59 34 73 49 15 9 8 36 89 16 9 81 88
18 93 7 97 97 28 46 58 69 61 69 78 10 44
58 31 7 90 99 89 24 19 100 38 48 17 19 44
63 93 97 76 18 42 78 2 38 67 25 56 53 10
24 93 56 29 94 50 93 98 88 20 61 61 95 81
11 50 79 10 79 68 2 57 74 41 47 33 72 63
31 83 11 2 70 83 60 20 51 14 90 80 15 51
5 64 57 96 71 76 2 79 19 43 73 13 87 33
46 10 100 86 13 13 45 93 26 17 69 2 37 98
36 44 66 97 92 58 97 88 43 38 29 17 21 19
71 74 8 30 44 54 30 27 26 89 20 16 64 98
6 68 55 18 17 9 1 81 46 55 60 38 67 24
61 74 32 94 88 91 31 89 69 19 20 15 19 61
33 52 96 23 37 86 90 22 14 27 41 42 80 30
64 49 76 75 77 55 2 76 57 6 30 89 74 44
36 46 11 55 10 95 73 22 2 29 69 81 53 2
34 23 70 18 9 70 27 96 33 26 1 71 83 79
50 34 41 52 5 18 84 22 22 3 14 93 57 91
75 85 46 47 44 94 38 63 50 63 67 59 63 88
15 44 19 85 75 52 84 40 70 17 53 67 82 46
91 67 66 46 99 38 98 9 2 78 8 27 14 47
93 10 72 29 65 7 57 88 87 52 67 13 51 51
7 14 49 98 22 30 13 73 18 66 32 42 62 11
62 71 95 9 55 51 15 5 8 71 80 85 79 15
59 78 19 6 75 100 62 69 92 30 35 15 9 7
21 87 39 54 31 42 28 88 15 49 13 23 1 7
84 99 54 86 85 66 12 67 54 61 56 14 87 22
25 64 100 97 36 59 62 15 40 60 23 60 19 30
37 26 22 78 75 48 82 30 36 28 72 45 11 23
8 34 68 14 62 24 26 42 97 53 1 28 17 55
70 21 88 34 54 93 53 20 96 19 64 50 18 16
99 80 76 69 78 17 6 73 1 81 43 14 32 65
9 20 79 50 53 68 63 77 23 23 84 16 99 36
66 191 68 124
65 330 117 252
65 72 246 440
65 180 251 257
65 150 257 234
28 340 269 415
29 252 326 234
29 144 179 203
22 201 279 381
56 154 300 404
58 140 316 118
64 119 335 359
40 96 211 301
62 238 233 196
57 45 45 29 62 44 55 1 18 21 74 5 59 80 97 13 36 8 7 63 96 29 20 58 96 82 94 70 68 67
100 7 27 82 96 44 43 42 40 63 40 35 25 76 17 90 58 30 94 17 67 31 58 44 12 56 100 17 57 19
46 94 48 54 4 99 82 68 52 6 27 10 16 63 35 25 32 46 27 23 39 96 49 23 98 31 89 46 55 46
62 23 76 87 84 16 45 13 16 10 17 84 45 54 14 35 90 89 43 87 3 30 28 55 31 31 47 24 58 95
67 8 64 87 30 57 69 91 100 74 53 23 30 28 75 31 77 79 61 23 38 25 13 20 87 45 94 92 35 76
75 2 21 100 75 21 71 67 61 96 53 14 29 78 59 13 41 70 18 47 55 66 5 86 70 4 97 69 32 8
27 69 33 2 98 86 35 87 42 13 20 82 70 80 78 49 58 17 49 12 73 22 53 32 89 82 6 82 88 28
52 21 26 72 33 59 27 33 5 68 23 64 57 42 92 29 76 39 74 13 75 58 13 63 40 89 5 33 71 70
33 100 32 5 13 70 55 14 56 74 22 28 100 93 33 34 60 87 28 68 88 60 20 43 54 71 45 38 1 66
27 16 32 72 45 59 67 28 15 38 70 31 27 3 91 21 67 87 54 8 82 46 82 71 8 28 34 69 88 71
46 28 35 53 69 59 67 3 69 10 6 33 21 55 34 96 66 92 73 18 95 54 71 43 8 45 43 54 58 23
67 27 95 82 36 58 83 67 51 44 56 16 19 11 55 93 66 38 63 55 85 88 6 100 44 54 41 89 97 58
65 37 89 7 24 77 67 30 69 72 6 89 30 78 22 79 51 57 72 55 4 75 53 79 71 5 4 57 3 92
96 79 96 19 82 90 3 55 2 29 61 15 67 58 9 74 97 83 78 3 9 3 16 88 60 79 70 37 94 46
53 68 84 89 76 55 26 78 30 59 26 46 35 68 19 49 15 64 14 56 91 39 39 50 68 3 13 67 87 23
63 29 77 13 17 30 51 36 9 95 11 91 90 64 72 91 15 5 59 66 80 38 38 28 92 48 24 49 2 60
29 87 80 88 46 54 58 4 9 6 9 40 76 75 87 42 8 8 57 86 63 40 91 36 97 59 18 16 8 20
80 9 73 78 26 4 43 32 13 68 15 83 88 1 32 72 22 10 9 74 41 50 8 77 100 34 41 96 46 15
42 4 21 83 88 15 65 97 22 25 24 96 69 29 62 57 5 4 96 79 17 18 9 4 75 6 37 96 65 30
9 51 10 19 94 6 11 28 61 53 92 33 98 32 54 76 80 5 94 97 67 30 51 95 49 29 74 29 87 97
48 46 27 13 87 84 49 31 15 57 55 13 99 86 39 44 3 60 24 97 14 20 45 47 55 90 94 57 2 30
76 24 11 93 65 26 23 100 23 12 47 33 9 52 82 19 73 76 58 76 98 63 9 85 72 36 17 36 42 77
85 59 3 95 64 66 72 39 89 14 86 66 100 32 13 41 72 19 4 83 82 35 62 95 5 63 19 5 33 26
100 4 10 55 29 80 79 9 94 55 19 43 87 42 38 65 17 74 93 2 12 73 12 60 40 97 27 94 22 60
19 74 30 57 65 3 87 22 64 54 57 100 56 53 55 12 18 17 83 67 50 36 27 33 87 61 89 30 91 40
15 24 41 85 85 56 33 40 96 39 98 19 88 11 31 40 28 13 76 48 62 28 9 5 58 28 58 80 51 80
64 49 51 2 33 82 33 91 54 79 91 39 65 12 15 81 98 28 61 77 58 18 44 42 87 42 93 70 47 20
9 1 64 66 87 13 64 19 49 3 78 72 82 84 3 25 95 17 98 74 23 51 33 86 15 33 34 39 34 78
44 34 27 48 79 76 9 57 2 23 88 59 28 66 34 84 73 47 12 98 65 62 14 3 54 45 38 55 13 80
28 42 46 16 58 37 87 72 86 79 14 8 45 81 3 87 79 65 91 35 95 67 94 88 31 96 70 74 51 64
92 33 66 4 6 30 93 77 21 93 85 88 10 12 54 92 100 88 21 60 82 93 31 39 51 50 12 93 87 49
98 42 29 92 42 35 50 33 49 66 1 31 47 32 41 33 42 30 40 92 15 50 66 33 31 38 58 12 68 13
69 96 66 62 16 92 20 3 91 11 98 93 96 14 100 33 92 68 44 82 87 7 88 98 23 29 8 71 22 37
78 77 34 74 57 99 59 94 82 92 64 21 43 96 39 65 40 71 92 39 17 72 96 6 29 79 10 11 34 34
87 32 81 29 1 18 89 92 41 69 95 33 97 8 8 75 31 39 59 100 48 88 45 65 15 30 1 2 100 53
45 68 42 74 32 39 98 1 92 60 9 90 5 45 22 100 80 56 47 81 15 90 30 14 61 13 95 25 35 21
75 63 34 68 48 34 51 90 62 86 95 39 65 30 77 30 43 6 45 6 21 53 13 85 82 66 87 49 19 81
50 34 20 52 23 55 50 42 64 92 59 72 58 86 31 68 1 5 52 29 54 28 2 92 17 90 79 60 30 61
18 96 91 40 89 38 26 77 34 68 74 15 30 55 7 82 79 84 38 55 9 87 19 41 50 10 37 42 52 58
70 3 58 99 38 40 66 49 22 72 60 36 97 45 39 69 86 96 85 47 3 28 45 60 83 84 96 76 14 92
29 4 81 33 80 78 86 7 78 43 82 92 75 85 40 91 23 35 94 82 41 73 76 87 5 49 55 27 94 98
47 96 43 47 82 70 81 47 70 91 67 42 57 48 52 59 1 40 64 100 42 29 2 15 74 39 21 32 12 11
