12 12 30 3
19 5 8
10 18 12
20 6 14
14 11 9
17 12 9
17 8 10
5 10 18
12 14 16
18 16 7
13 5 7
19 10 16
9 7 11
18 14 5
14 10 19
6 7 17
19 7 8
11 11 16
13 10 9
16 14 11
19 12 10
11 5 12
6 11 9
20 10 7
10 19 7
18 18 11
12 15 19
13 19 7
11 8 14
15 6 12
17 5 7
421 298 232 161
314 238 323 167
138 271 177 161
326 180 196 376
365 236 284 453
62 232 194 199
78 310 294 140
119 242 231 257
354 290 192 320
54 292 236 223
89 270 210 416
328 276 272 284
87 53 53 38 81 99 20 27 96 56 8 68
19 61 90 53 24 80 20 57 12 2 61 57
84 86 30 68 69 46 40 23 18 32 60 56
57 19 90 6 70 64 63 69 72 32 24 34
69 19 46 47 42 69 24 49 22 53 45 39
46 89 80 52 36 54 1 25 75 7 57 80
42 48 70 32 89 28 48 91 6 57 18 3
99 50 31 59 20 29 12 32 9 7 57 72
88 15 73 67 78 59 44 7 64 61 50 25
65 7 36 57 93 2 64 76 3 41 34 99
56 61 36 67 2 3 32 1 79 20 21 46
10 92 44 58 69 4 55 60 26 32 70 95
64 18 64 52 45 17 93 18 25 62 48 37
69 60 77 52 54 47 37 18 6 4 65 61
12 36 10 75 84 91 90 61 8 63 33 43
27 90 8 18 33 17 6 46 38 99 79 84
20 6 45 29 6 38 59 64 24 10 77 43
34 31 34 92 35 92 11 63 57 89 21 58
3 45 88 79 2 75 47 59 18 33 78 98
28 48 91 76 52 8 83 84 31 89 67 29
30 74 46 35 33 16 1 1 16 52 74 74
13 79 13 28 22 99 24 14 49 96 44 95
58 96 95 76 83 72 58 74 40 78 11 35
50 44 52 2 79 69 94 9 37 64 61 66
82 58 91 35 55 31 52 17 69 29 74 26
62 86 79 58 22 61 9 67 68 97 4 4
92 45 5 76 82 81 61 88 9 35 59 49
23 75 83 84 65 30 36 98 46 9 13 48
68 32 70 38 88 85 48 58 51 23 59 2
42 19 77 85 77 40 29 56 1 81 92 9
80 83 19 25 66 62 45 1 22 53 32 97
28 82 61 50 89 1 87 95 55 79 68 9
74 14 9 10 19 87 20 64 5 2 69 79
7 93 70 45 45 24 5 83 30 14 37 58
73 42 77 93 41 57 87 77 44 79 78 53
25 53 35 68 40 80 74 36 58 42 46 87
421 238 274 498
341 186 303 421
190 314 186 289
179 238 315 314
87 217 309 303
53 305 206 382
12 297 211 134
36 299 254 183
110 170 324 275
339 232 197 211
418 164 313 430
253 206 326 353
55 44 61 76 16 78 86 1 58 88 12 70 1 36 17 95 65 28 11 30 99 57 77 1 63 57 82 9 63 32
100 50 24 15 72 80 93 19 52 64 62 34 42 90 50 15 27 87 52 55 91 72 67 21 12 81 6 21 43 28
59 6 81 46 62 38 28 70 53 30 72 33 89 61 46 82 49 29 81 73 88 95 95 84 33 60 9 47 16 49
58 27 10 34 6 79 36 84 77 97 7 78 64 68 11 12 77 99 57 94 89 33 15 38 71 43 52 25 19 33
24 56 70 29 99 17 10 89 56 59 71 28 24 61 23 96 78 97 40 80 31 25 40 55 50 66 45 9 87 51
66 7 95 59 65 9 52 67 11 33 59 46 41 43 59 56 75 37 32 68 70 76 97 13 63 19 30 22 77 95
38 59 47 4 9 94 79 24 25 92 87 67 92 23 89 3 99 17 32 3 37 18 44 90 4 61 2 28 89 81
24 79 71 58 24 38 19 71 65 63 8 98 97 30 71 99 30 29 74 88 57 2 44 94 10 98 23 11 21 79
43 64 95 15 23 1 59 69 13 93 87 20 33 67 60 31 66 68 36 65 92 73 24 87 97 29 68 4 67 74
35 32 50 97 93 97 20 69 24 41 1 93 69 56 47 65 75 30 52 2 44 59 59 49 6 21 62 33 81 29
11 3 55 64 70 35 43 85 70 8 61 89 27 48 93 95 35 12 13 58 98 45 5 40 89 67 19 56 81 26
50 26 69 25 56 66 18 41 74 99 36 27 31 96 48 76 48 60 100 32 27 35 2 24 4 31 37 13 79 35
81 19 4 26 7 76 30 4 75 100 8 62 63 80 9 78 86 90 16 81 6 42 45 16 1 36 67 93 71 65
24 69 12 4 76 31 41 67 34 10 71 95 44 23 23 62 9 55 4 8 36 79 69 45 74 64 92 40 46 30
12 2 89 11 78 65 20 78 2 38 14 10 43 21 67 29 43 17 80 75 50 51 11 97 79 29 34 86 71 32
49 29 49 93 31 81 38 3 40 67 98 59 60 3 35 72 25 20 90 34 71 39 17 6 75 8 73 91 10 68
55 77 88 76 7 63 52 84 82 1 90 55 62 35 23 84 37 48 42 35 87 96 81 12 8 75 3 68 57 99
85 67 8 24 71 17 94 73 30 75 52 98 93 41 74 26 96 24 63 44 50 91 39 77 32 17 70 66 47 15
82 27 62 12 50 8 98 97 84 95 49 78 57 58 54 7 84 63 52 52 80 27 57 94 92 12 34 38 53 83
66 48 27 7 19 13 93 46 34 38 59 48 31 33 42 59 40 34 82 13 79 48 26 15 73 54 45 100 98 92
69 15 91 86 75 82 50 77 86 90 32 78 3 34 44 81 46 24 19 2 66 97 53 90 28 94 50 67 57 12
43 29 40 21 2 43 97 95 77 100 34 15 59 62 77 90 86 60 32 68 10 11 49 87 93 62 33 91 91 66
40 90 68 45 4 45 43 97 37 47 60 9 75 88 95 19 89 78 33 27 77 37 100 76 78 37 79 55 80 89
45 40 57 24 78 1 91 69 76 49 29 78 54 49 64 86 9 29 80 98 7 62 44 53 96 95 48 74 72 30
55 7 76 1 71 78 94 60 72 97 42 7 11 64 31 7 68 75 72 71 47 93 46 45 11 82 62 92 18 10
82 13 90 26 56 28 25 90 51 58 47 51 77 63 24 25 44 45 58 24 82 86 22 33 3 43 93 35 17 74
88 32 19 76 27 29 6 97 11 44 58 92 17 88 54 55 6 91 63 35 49 50 61 53 40 99 60 93 59 47
22 10 13 50 52 40 60 5 40 63 18 39 1 85 67 8 24 67 6 47 17 69 75 42 33 29 31 85 40 32
8 15 64 78 19 44 37 8 55 1 66 56 54 56 100 98 47 59 36 92 17 5 16 81 84 75 64 6 83 77
16 11 44 76 43 41 75 8 53 14 98 67 85 48 89 69 14 54 8 4 53 67 76 36 72 19 62 33 74 26
54 41 42 30 4 81 2 92 38 90 39 44 40 62 92 51 3 50 79 41 96 40 35 47 65 57 49 23 73 100
69 80 93 57 79 22 89 16 85 55 4 65 3 9 73 26 44 30 24 61 50 90 26 54 92 34 51 65 13 36
5 26 33 58 25 65 74 85 60 55 18 69 12 61 97 60 27 15 6 86 62 58 64 27 41 21 99 96 69 55
64 19 28 38 28 81 65 97 26 31 30 46 100 76 40 64 12 94 49 81 58 42 27 22 50 77 35 24 41 13
42 24 39 90 43 44 74 100 9 98 35 59 35 55 96 73 46 71 36 82 59 7 58 90 17 54 38 77 6 95
87 25 72 21 71 36 76 33 31 41 56 63 33 33 79 3 27 52 75 72 28 70 14 87 22 36 43 3 17 44
