12 12 30 3
15 9 17
20 19 7
6 5 17
7 5 18
20 6 14
10 6 19
13 12 20
13 7 5
6 11 11
13 19 20
14 13 16
16 18 5
11 13 18
14 13 5
6 19 10
5 6 9
14 19 9
13 8 16
8 17 12
9 19 15
18 10 16
19 12 14
12 18 8
11 17 9
8 14 11
17 13 5
14 16 20
15 15 9
20 13 9
14 17 12
76 365 365 112
76 198 186 274
76 257 243 463
76 147 155 324
76 69 354 350
6 202 96 448
50 67 201 251
6 154 345 346
55 346 309 254
1 377 185 445
28 252 71 184
74 348 329 121
43 4 38 47 41 98 37 94 11 30 52 41
63 39 39 82 90 67 17 82 31 87 88 7
33 88 62 30 81 60 64 50 93 69 53 81
9 16 38 25 33 31 30 69 3 47 57 3
40 11 75 86 3 52 81 12 31 89 63 36
54 51 6 100 47 30 70 65 13 12 99 92
42 47 85 82 39 71 82 22 49 86 21 22
74 17 87 52 40 89 71 33 68 5 16 28
53 26 92 69 25 56 74 9 40 46 53 58
28 48 22 11 82 17 41 42 4 31 43 96
78 44 39 20 79 8 100 76 81 3 83 13
49 15 22 27 14 49 81 67 84 24 49 43
75 38 51 98 88 20 3 71 56 51 4 46
48 14 17 8 1 91 27 60 82 100 43 87
63 97 32 25 71 96 73 99 15 100 10 40
1 18 87 39 78 11 43 12 67 66 31 16
47 24 30 76 8 7 70 6 88 6 85 53
75 71 48 66 20 92 49 48 43 10 20 57
68 4 75 32 98 16 13 97 60 86 62 48
28 2 73 71 4 62 83 99 14 76 99 23
53 33 27 12 77 34 64 47 27 23 14 36
14 33 35 5 91 32 38 99 68 35 50 10
14 41 96 44 69 84 84 14 87 17 64 48
1 99 96 26 69 43 2 79 24 25 57 96
15 5 91 53 26 46 24 21 85 88 20 32
35 16 56 61 49 85 74 92 29 83 52 32
54 92 15 46 79 28 58 41 57 22 11 84
59 42 96 39 10 1 85 39 3 73 9 31
20 70 67 5 63 90 42 64 42 11 45 15
54 37 84 46 60 80 83 44 98 37 75 22
68 27 47 100 24 20 30 69 28 7 69 28
89 77 20 79 65 63 97 98 97 36 21 95
28 1 4 68 50 70 73 16 17 52 94 53
20 42 8 17 57 49 24 45 69 38 90 41
32 12 28 92 96 78 51 35 70 7 32 4
67 19 2 85 44 18 20 17 1 70 2 35
76 277 344 497
76 346 176 303
76 272 167 393
76 146 229 133
76 273 257 418
63 207 266 240
71 147 217 341
2 289 261 313
3 226 174 440
13 171 97 452
4 230 163 433
64 376 125 328
25 65 1 26 34 98 51 17 66 20 31 96 33 42 40 37 16 55 69 43 13 26 58 85 80 9 99 98 5 47
42 47 9 70 75 99 89 79 17 64 29 20 1 79 34 71 77 88 40 89 51 88 48 94 51 67 45 65 26 88
10 30 75 64 25 14 50 99 89 25 61 52 38 58 11 38 81 48 70 79 70 78 25 36 69 77 40 37 15 9
68 89 42 32 70 31 97 26 45 22 76 27 86 74 12 82 48 35 50 31 84 66 86 52 42 80 51 56 28 11
91 76 93 49 58 11 60 74 5 9 95 7 36 78 31 13 60 29 54 39 74 99 20 49 58 99 47 34 49 21
11 91 61 86 16 9 86 15 62 11 30 78 80 52 48 84 87 77 19 13 32 90 94 94 75 47 86 70 74 67
74 25 11 73 74 82 9 38 20 79 28 90 51 58 18 9 35 65 92 76 90 15 74 6 84 71 1 56 83 18
54 72 95 30 17 41 89 53 33 93 60 46 22 33 46 27 70 5 50 23 84 70 41 82 3 38 85 82 46 7
98 86 100 91 82 75 5 98 34 2 62 28 32 11 17 47 83 20 46 60 20 26 50 62 51 100 19 62 8 49
71 55 74 6 96 67 54 62 31 80 39 61 77 4 90 2 28 74 3 28 32 23 19 94 46 72 97 17 73 27
26 22 52 11 9 41 74 1 90 68 67 80 43 37 89 58 40 6 88 52 79 33 19 16 94 91 81 16 17 75
97 23 30 13 55 10 5 35 59 49 51 66 51 52 44 41 28 82 53 61 49 4 46 36 4 57 43 88 45 43
6 59 45 100 44 61 56 53 5 19 6 79 73 54 91 38 72 12 100 80 7 68 47 17 27 34 77 27 44 14
11 98 81 33 76 55 80 98 27 78 98 85 98 15 85 7 11 78 44 1 17 92 71 95 81 6 55 69 31 43
27 47 86 18 16 97 98 42 75 38 66 19 51 58 41 24 52 43 21 30 1 67 64 48 8 76 60 18 82 100
61 39 52 45 13 37 22 34 14 74 77 96 69 67 56 43 76 64 26 47 98 13 74 81 53 83 22 84 19 77
100 7 11 88 74 45 53 95 90 56 31 99 56 44 94 26 94 40 56 51 80 33 100 100 70 71 32 74 51 76
60 16 59 67 16 32 19 28 38 87 59 71 93 3 95 71 37 49 90 39 51 67 4 19 21 36 25 20 65 99
7 15 91 36 26 33 78 75 42 96 35 7 38 95 11 64 40 95 29 13 2 38 70 34 36 70 24 91 81 27
98 9 42 1 81 10 95 27 100 11 5 14 1 79 67 35 62 33 38 56 58 66 26 17 46 50 11 84 69 86
30 21 32 24 24 54 20 14 79 77 27 19 48 28 68 87 64 38 6 27 36 86 10 82 71 4 54 64 23 30
33 78 98 2 23 16 80 46 34 80 64 60 87 78 6 58 7 42 34 50 81 67 59 58 79 5 57 14 89 52
95 5 54 77 16 30 94 19 2 85 56 35 30 74 24 31 12 82 76 97 46 90 26 22 12 9 24 78 2 80
85 5 97 20 80 9 42 19 5 11 2 17 8 41 5 25 70 57 50 87 27 76 28 70 68 23 47 40 76 96
90 33 11 95 58 98 9 57 23 22 59 48 55 73 49 10 25 84 21 72 55 78 18 55 58 16 12 20 34 41
67 81 34 63 82 62 12 79 8 8 20 41 22 20 91 61 56 88 96 48 1 37 39 75 76 66 100 81 23 45
64 51 87 20 84 73 8 35 45 100 57 32 34 51 89 78 26 52 16 36 18 96 93 61 51 51 39 79 1 74
75 61 90 18 53 82 88 3 49 67 55 65 84 11 16 39 18 78 45 27 93 47 83 15 85 1 47 84 43 3
18 56 71 60 32 39 77 12 61 47 79 28 64 49 46 8 10 71 26 42 22 12 94 9 44 34 51 88 48 81
87 45 96 58 11 30 8 13 79 9 92 4 17 73 59 25 67 47 38 58 14 61 33 5 11 67 56 90 31 58
95 91 76 92 91 82 24 72 25 1 99 5 2 74 98 38 20 61 84 20 99 11 14 96 36 18 92 98 16 19
2 51 91 49 97 66 99 26 23 72 55 22 52 48 42 33 9 9 47 69 63 44 51 70 52 72 50 57 80 67
53 46 76 79 15 34 2 36 56 33 69 54 18 87 39 81 68 44 48 18 96 10 56 41 88 6 36 72 98 20
53 8 64 71 61 41 93 85 84 80 69 17 28 10 93 11 44 5 75 50 65 2 63 46 79 13 12 79 84 84
7 51 89 24 37 49 19 57 24 81 73 100 42 15 37 50 76 3 70 15 97 5 1 82 2 2 53 50 99 2
67 52 100 77 88 1 58 45 81 68 60 66 95 74 92 87 34 16 57 29 27 13 55 82 77 57 48 76 88 48
