12 12 30 3
17 5 10
11 7 17
15 20 17
20 8 18
12 16 14
7 12 9
12 8 11
17 16 20
12 7 7
11 10 7
8 19 18
17 18 5
11 8 16
12 18 20
7 7 9
17 14 5
11 16 10
14 18 14
17 20 17
13 7 18
18 20 11
15 7 9
14 9 9
14 10 13
7 15 9
9 20 20
8 8 19
18 12 19
10 12 17
11 14 19
128 373 396 118
128 264 232 381
128 277 286 331
53 115 105 190
87 232 219 379
52 126 288 110
120 189 210 382
76 106 175 411
81 282 337 118
49 289 334 186
1 199 320 273
94 290 407 307
55 64 25 9 35 78 52 98 61 94 56 35
13 23 29 66 3 46 15 70 16 7 71 96
99 82 9 57 59 85 75 50 20 51 68 22
52 68 87 23 84 77 65 8 99 75 68 6
37 27 11 48 79 61 65 63 63 71 6 72
45 93 47 59 88 36 75 51 43 93 44 90
64 59 8 13 62 33 37 72 84 53 38 25
93 7 67 94 19 83 8 17 40 49 86 15
77 91 47 57 10 16 71 6 71 13 7 94
63 44 19 95 16 75 95 47 65 29 21 38
97 6 38 62 83 63 92 64 56 33 26 56
37 43 64 87 71 52 9 59 59 37 90 29
69 25 2 59 44 10 38 95 98 37 83 3
82 34 71 9 15 67 90 71 79 75 76 77
2 58 51 82 54 19 52 93 25 53 71 82
99 68 1 74 17 84 96 14 49 39 13 66
96 75 25 83 27 14 57 28 37 39 63 24
4 83 46 60 47 29 18 10 92 30 33 95
60 59 52 54 28 69 68 66 41 2 88 78
57 87 33 85 10 53 85 98 17 22 29 76
20 49 21 8 48 2 10 46 14 26 59 93
70 96 37 100 4 79 39 91 97 1 9 49
58 1 55 26 40 73 4 100 55 11 31 52
46 72 31 53 15 53 14 15 68 64 28 4
40 58 81 36 72 65 41 64 89 39 28 49
5 23 97 8 36 84 3 23 1 96 56 85
3 69 20 31 26 2 2 34 46 39 13 62
78 38 73 57 75 85 24 43 63 33 45 11
42 50 18 70 49 89 69 63 44 93 52 31
41 55 81 35 26 28 30 77 85 79 14 53
98 84 10 95 76 78 11 47 16 98 9 16
65 95 86 46 40 7 8 46 23 78 94 47
76 34 1 91 16 94 51 9 44 22 28 56
24 6 26 75 66 64 60 51 83 81 25 59
98 74 18 50 90 56 8 65 33 41 54 99
40 100 72 71 60 23 28 50 67 28 13 93
128 210 335 303
128 377 279 433
128 105 224 290
111 303 332 376
4 274 365 437
34 173 208 142
27 123 292 300
81 335 160 333
4 315 332 157
24 131 357 253
95 289 219 454
126 258 376 229
50 93 63 86 5 42 19 32 44 67 44 50 85 15 8 75 83 33 100 51 96 96 15 23 45 67 80 11 16 40
53 69 20 44 53 63 78 36 8 85 41 68 88 59 5 69 10 92 63 97 28 24 66 86 21 72 16 29 49 99
32 50 49 76 14 70 38 26 93 61 13 100 72 79 99 62 49 10 72 34 16 94 34 17 95 71 23 13 58 75
42 44 91 90 87 76 11 63 7 71 45 89 70 96 33 52 93 32 43 96 78 90 98 90 89 55 86 43 39 70
83 41 30 19 70 61 56 27 45 58 78 31 9 74 44 88 45 55 67 88 32 90 1 39 42 63 81 48 30 44
85 82 95 18 98 24 10 75 83 50 78 89 51 53 64 55 99 16 12 14 100 10 68 69 43 74 99 57 64 6
37 74 21 7 86 92 5 54 89 91 29 32 89 44 35 4 51 6 42 74 29 74 93 15 98 4 96 11 74 24
10 9 60 86 5 1 96 95 6 67 6 72 66 1 53 85 42 89 30 70 1 78 42 41 62 89 36 6 11 33
80 46 15 10 3 43 68 19 24 89 53 49 43 7 25 28 17 40 72 36 96 1 36 64 87 48 28 61 9 90
64 88 55 47 43 15 82 92 14 99 61 74 65 11 26 58 14 82 8 45 65 47 59 47 78 42 10 63 28 40
77 32 88 38 80 25 88 82 39 36 31 86 8 77 2 3 80 2 60 66 3 65 78 9 22 18 44 52 100 12
50 55 66 16 89 2 6 66 29 34 15 45 78 30 68 3 46 55 95 46 41 7 23 76 19 1 100 47 7 28
99 43 52 53 71 67 32 10 11 5 68 70 100 26 3 97 19 96 99 58 24 80 19 34 22 8 20 99 57 92
10 59 31 88 55 88 86 46 91 7 34 46 7 62 31 49 15 64 53 56 80 17 64 70 38 5 99 69 35 71
85 86 31 51 80 55 80 7 6 52 100 23 13 100 17 4 44 29 31 84 34 2 37 89 23 6 17 33 49 19
62 99 1 48 65 87 18 16 91 2 5 21 59 63 25 92 29 41 34 16 48 94 18 23 74 58 75 78 22 53
79 60 20 54 62 32 58 92 68 41 32 61 27 26 79 43 71 17 25 65 7 46 66 74 55 81 27 24 52 41
85 49 92 43 46 23 93 92 17 56 88 52 86 92 4 66 3 25 80 54 66 85 56 48 62 70 97 96 45 57
43 48 90 99 9 17 56 24 36 74 6 82 45 48 71 9 23 38 65 20 95 87 17 15 90 3 73 61 44 75
31 14 32 79 72 39 100 36 77 58 98 93 20 17 10 97 95 28 89 47 34 67 55 79 83 70 69 77 21 37
10 25 5 7 67 6 100 70 35 31 28 76 41 92 11 48 79 47 90 21 16 41 71 15 82 65 59 55 100 9
16 52 29 75 32 94 85 22 95 60 32 26 16 77 30 27 63 32 99 29 36 68 6 6 8 39 47 91 96 85
3 65 80 4 10 3 61 10 66 63 44 6 74 84 1 30 84 48 16 70 58 2 75 85 31 72 21 31 78 26
6 26 69 54 23 87 68 59 82 1 42 39 58 41 51 27 38 36 61 95 58 57 15 29 49 81 75 4 8 37
93 22 31 94 81 63 30 43 8 44 84 81 51 17 38 31 34 69 13 23 51 20 24 22 92 64 71 63 67 12
74 68 13 45 74 78 72 55 18 69 56 8 99 45 45 70 73 49 56 28 38 77 83 27 48 31 21 48 28 95
27 17 1 4 74 14 77 18 90 60 85 92 86 86 84 90 54 65 73 2 93 19 57 31 62 50 96 27 73 52
17 82 92 12 60 26 18 18 38 75 29 86 80 8 28 76 82 86 27 27 23 71 8 98 75 46 96 33 11 83
27 83 85 7 44 14 28 32 6 43 78 88 80 39 54 76 75 90 31 82 38 57 72 33 47 14 77 49 39 65
7 47 96 24 14 43 40 56 97 49 55 77 40 92 61 98 31 16 97 75 49 81 25 87 58 53 32 19 66 42
59 82 96 88 7 12 4 96 74 70 100 33 34 12 94 42 16 81 76 3 26 19 27 86 13 70 29 64 55 99
76 72 74 30 73 1 79 47 86 94 8 56 54 53 2 57 98 31 60 70 26 13 44 57 98 17 53 38 22 51
45 13 58 94 78 94 65 60 25 78 28 82 36 33 28 93 65 47 38 93 9 63 31 25 76 12 8 78 42 39
27 81 29 78 35 77 70 85 22 4 52 62 88 10 50 33 11 79 17 71 90 68 45 69 71 21 60 14 15 92
66 81 50 27 17 1 37 90 46 30 44 40 9 73 74 12 11 35 43 43 94 26 59 39 96 20 39 17 94 92
39 48 54 68 4 23 56 78 80 97 32 77 61 74 22 1 39 63 34 51 1 49 1 68 24 92 62 28 77 90
