14 14 30 3
8 10 10
10 12 6
19 15 15
13 9 14
10 18 14
9 17 16
5 6 6
16 12 20
5 16 17
15 19 7
19 13 15
9 5 17
16 14 8
20 8 8
19 9 6
16 9 12
17 17 13
10 18 17
15 8 17
14 17 13
6 16 14
13 14 19
16 9 17
17 10 20
13 10 19
17 16 7
17 20 10
19 16 12
16 16 16
9 8 11
407 264 231 433
266 387 237 349
285 200 238 330
27 280 282 255
261 338 238 162
34 310 328 226
324 318 243 361
120 314 257 241
89 297 202 249
183 281 232 115
95 215 319 326
322 293 227 151
78 303 285 220
397 290 305 352
23 30 7 15 55 98 81 19 15 7 48 10 39 89
98 64 56 28 13 38 1 17 44 85 23 24 29 46
38 90 19 9 86 45 5 98 47 14 14 49 37 82
54 94 9 74 46 86 77 59 47 29 36 75 95 88
78 38 8 35 81 57 89 50 47 37 6 60 31 84
19 19 44 50 82 61 42 75 84 82 93 100 42 43
97 38 78 87 4 64 97 41 12 43 9 61 21 50
36 71 22 60 33 4 74 92 68 71 78 84 42 58
86 13 69 95 96 29 91 65 14 67 14 43 80 46
72 9 24 67 49 94 5 22 95 76 26 28 54 36
44 28 8 60 65 35 95 35 69 79 8 45 69 68
4 76 26 44 71 84 97 46 83 15 65 29 80 70
88 3 86 28 8 16 85 67 39 9 6 28 80 81
78 72 66 7 34 3 24 17 67 97 44 50 33 90
51 12 17 30 39 40 27 30 81 67 82 22 73 51
41 1 39 43 56 4 39 4 11 4 97 85 73 15
43 78 11 64 57 2 67 20 16 99 44 86 79 53
14 33 55 51 67 98 23 35 84 25 96 74 27 5
2 43 83 23 13 73 84 28 58 78 11 4 72 20
89 50 24 71 21 6 37 12 84 14 60 2 49 3
23 22 67 86 18 9 20 94 23 64 29 54 89 36
98 33 80 82 90 38 7 67 58 86 76 68 5 71
10 79 56 65 51 84 8 6 65 34 1 19 100 9
3 19 85 95 72 23 70 66 10 1 8 33 40 94
14 97 43 64 57 68 86 74 45 48 12 93 9 78
84 3 67 35 67 100 65 2 94 75 2 75 95 43
59 90 84 12 40 9 98 76 18 38 7 86 39 61
92 47 100 55 18 90 7 78 19 97 29 60 85 48
21 41 67 11 83 44 96 55 19 48 39 43 19 47
7 76 26 73 7 36 37 55 8 47 8 85 60 42
76 5 70 97 55 6 53 77 52 68 53 60 44 62
17 66 58 4 16 26 95 4 31 8 13 34 27 46
61 50 32 16 37 93 72 89 57 23 33 53 55 53
8 50 27 79 92 16 50 36 30 14 26 21 88 69
44 29 52 40 50 41 29 12 99 83 33 70 21 97
88 69 99 35 5 1 6 22 85 16 23 91 38 45
7 52 36 88 98 15 12 17 35 65 45 31 87 35
27 29 20 38 62 40 4 61 6 76 70 82 55 2
53 72 53 28 62 92 100 82 67 19 48 24 83 19
17 74 68 99 21 73 59 69 59 53 70 77 77 62
31 94 63 58 7 69 85 9 99 3 79 27 95 33
23 10 53 70 16 15 90 11 66 43 2 23 79 50
407 207 284 144
240 269 298 296
305 305 323 300
154 363 386 146
104 254 375 465
14 358 352 477
161 233 369 338
287 353 329 326
191 316 323 119
203 318 396 368
174 364 293 345
252 294 313 215
41 321 317 105
110 375 199 109
89 44 59 28 72 46 75 10 95 1 24 36 78 20 48 92 63 11 54 44 51 95 28 4 17 55 79 94 86 38
59 5 77 71 88 21 72 83 53 28 100 29 72 9 31 100 68 64 22 97 12 56 62 23 59 26 45 48 21 41
55 56 87 50 25 90 28 2 74 78 51 81 65 84 50 45 33 92 30 84 89 14 77 74 91 50 2 88 6 79
41 49 92 6 49 92 19 62 9 92 71 11 82 55 17 94 44 27 69 52 22 70 6 55 47 56 48 19 60 22
70 48 18 43 96 31 65 61 20 70 24 8 15 15 71 30 87 36 73 86 75 26 93 48 37 82 30 50 28 91
6 76 77 84 72 23 72 5 10 38 2 31 1 28 52 43 33 49 16 83 38 72 69 5 90 34 98 25 83 29
29 25 27 87 76 98 95 57 59 42 42 78 97 72 9 68 17 92 1 42 13 80 55 78 10 68 46 13 54 73
98 68 79 17 13 52 36 14 64 34 89 41 16 96 40 66 29 48 93 9 27 41 7 46 2 23 90 52 15 23
4 81 17 7 3 5 17 4 10 10 56 53 78 19 38 19 91 80 46 44 26 53 85 33 58 14 43 88 22 32
89 27 59 1 52 3 52 12 16 44 35 70 55 41 66 31 37 61 45 3 82 14 27 37 31 47 11 24 26 95
81 62 43 97 8 67 72 43 11 67 40 2 42 73 11 73 92 93 99 27 37 96 80 79 25 76 42 13 47 82
67 80 75 77 64 50 69 100 81 39 88 51 26 75 71 35 73 27 74 4 99 94 100 41 64 78 6 94 69 79
54 39 31 31 77 33 15 95 14 52 11 75 91 94 93 31 62 37 62 44 17 97 98 79 23 13 11 22 99 79
29 78 74 61 56 76 86 86 11 84 21 43 42 61 10 85 19 58 56 70 86 6 17 75 36 6 68 72 36 43
21 95 6 28 64 58 99 15 100 31 96 66 92 100 99 46 89 75 72 42 16 76 65 63 7 79 65 92 17 65
59 94 10 31 70 25 99 94 73 90 18 37 76 89 72 19 30 98 33 91 67 61 13 18 10 20 41 5 35 48
1 4 1 5 56 56 48 37 63 2 23 30 2 59 12 59 33 37 54 66 78 78 60 100 14 22 21 74 36 80
95 83 97 92 76 59 86 4 16 39 11 69 64 64 42 75 45 2 3 66 42 26 12 8 21 78 94 38 54 100
85 7 22 76 62 33 3 100 78 91 11 87 79 21 11 55 59 45 10 96 60 22 36 1 71 4 11 59 53 63
86 85 11 40 90 71 7 10 91 98 92 28 74 83 23 41 63 87 99 83 17 54 84 53 93 78 78 50 41 36
73 81 85 50 99 82 71 20 49 76 27 72 92 73 11 1 40 73 97 86 82 1 13 69 91 72 62 62 40 54
16 25 87 75 48 44 18 89 7 70 21 13 68 99 39 16 73 90 44 99 33 29 48 97 23 66 28 88 32 97
36 56 46 14 44 60 76 8 21 80 10 3 29 56 94 89 58 97 82 82 66 75 65 47 33 7 52 94 4 9
7 95 64 13 42 17 42 82 40 4 18 36 7 69 90 90 43 82 58 1 88 10 60 4 28 46 88 71 34 53
90 5 28 34 94 69 57 11 85 51 95 54 12 22 51 78 76 86 81 86 35 75 19 11 40 15 7 3 74 70
26 79 6 13 46 66 2 87 54 60 74 56 72 19 61 48 90 60 32 93 71 12 90 1 46 59 84 44 32 41
84 43 67 75 13 50 30 40 81 89 96 30 90 19 81 47 67 18 9 88 44 90 88 57 91 19 20 33 21 45
71 64 99 58 73 14 85 69 90 86 92 76 55 99 85 86 3 81 10 58 17 92 57 80 54 55 12 91 83 66
2 70 78 66 28 59 69 96 33 20 99 15 82 84 66 97 78 39 21 39 73 5 4 100 65 46 76 75 22 27
70 75 51 76 64 37 85 37 40 26 36 42 71 93 95 15 10 76 58 60 57 77 87 62 79 83 93 63 86 68
53 49 42 66 6 85 55 1 10 82 91 62 69 84 87 63 36 14 92 64 78 73 86 27 61 30 10 21 92 33
37 76 77 54 26 85 65 25 45 73 40 40 76 29 22 64 39 66 96 45 72 42 45 70 33 76 72 75 5 98
92 9 33 98 30 51 30 36 49 36 71 12 66 64 27 46 75 27 38 44 73 20 56 24 49 19 77 33 15 90
70 42 56 7 94 31 37 50 23 30 82 69 68 14 69 14 35 48 49 29 41 81 93 9 70 76 45 55 28 94
94 23 17 44 3 80 90 12 16 12 73 17 38 11 66 80 90 33 70 59 27 91 95 82 30 14 29 27 86 9
47 30 19 19 92 40 4 28 75 11 75 98 92 22 45 44 60 50 15 57 40 47 33 62 93 35 51 14 94 14
49 22 74 45 19 34 16 68 33 95 90 96 88 46 12 85 59 98 24 98 12 87 82 5 72 36 91 59 75 4
10 52 42 22 30 61 22 62 58 3 62 32 35 44 92 73 67 68 19 3 43 93 51 19 48 30 67 22 46 18
68 63 73 53 15 78 54 55 65 72 93 7 18 72 83 15 30 71 97 71 62 42 68 17 33 20 54 46 17 77
82 71 55 74 72 48 49 87 91 61 21 69 66 91 37 19 60 49 46 79 59 73 77 57 12 45 30 6 11 20
38 30 79 27 31 86 42 73 46 83 36 16 51 6 74 63 69 12 64 43 45 97 56 43 92 86 9 31 16 38
33 69 62 33 62 29 71 70 66 99 9 83 3 52 76 53 99 93 54 43 54 67 79 96 53 24 90 75 92 88
