14 14 30 3
8 19 10
8 20 14
20 11 12
12 18 16
7 13 20
15 9 16
12 5 19
19 12 10
6 7 17
12 6 5
8 5 15
15 9 10
15 7 17
5 9 15
18 18 7
15 19 12
13 20 13
13 18 10
13 14 9
14 10 13
17 17 9
6 5 13
6 11 12
7 13 11
9 10 6
9 8 11
15 13 10
11 8 20
18 13 17
6 10 8
351 307 240 117
59 189 284 476
350 296 298 288
198 261 316 178
222 355 357 387
106 278 245 385
316 341 283 199
14 317 202 354
344 256 247 432
229 289 359 312
62 257 292 335
217 316 357 481
130 210 241 373
229 329 267 463
77 75 71 79 36 5 39 31 50 83 17 59 49 75
65 8 57 16 28 26 69 20 59 9 87 20 13 82
49 48 61 6 80 28 9 98 81 35 47 23 50 55
42 2 23 97 45 33 41 78 11 100 12 79 74 28
35 52 14 1 37 21 76 34 3 5 56 80 47 71
32 9 16 30 81 92 12 78 95 18 78 40 87 62
2 21 87 7 82 44 37 7 9 80 81 36 7 11
92 75 57 11 68 35 10 68 22 2 25 100 1 55
54 65 42 82 79 86 38 57 18 9 86 80 40 25
90 92 64 72 93 38 79 100 68 15 99 34 5 37
70 2 29 53 44 60 9 49 47 61 18 21 69 18
18 9 84 16 48 85 50 34 35 45 61 85 30 18
16 29 81 49 77 94 90 71 77 39 82 64 77 42
62 53 100 46 2 20 66 30 14 18 98 49 58 46
8 59 27 45 62 33 33 72 33 99 38 25 66 72
52 51 36 78 28 93 86 36 4 88 75 20 85 55
62 58 8 2 81 49 62 2 100 31 20 74 17 97
42 61 99 36 100 89 42 54 26 99 42 95 69 93
76 53 70 51 94 5 18 33 77 33 77 41 21 100
97 22 85 6 41 80 33 53 42 66 88 25 33 66
72 82 18 13 33 52 39 72 21 9 36 29 95 99
30 59 50 22 52 15 23 34 11 12 49 16 93 74
57 91 76 32 10 16 18 77 58 59 57 45 94 4
6 45 2 49 93 95 56 61 87 18 75 22 74 60
38 45 88 8 60 93 3 30 81 86 36 32 1 29
21 14 99 96 77 16 29 91 1 77 44 11 43 31
73 96 73 31 60 55 1 76 7 41 38 87 35 18
45 16 79 72 14 53 17 60 65 95 87 44 58 77
57 88 47 40 79 83 60 11 7 2 73 72 96 68
58 86 19 28 57 40 14 89 61 9 85 83 74 17
33 58 15 65 84 66 77 76 36 47 95 6 18 51
13 13 72 99 9 16 34 34 78 52 88 50 38 74
33 18 58 84 43 14 26 39 47 65 66 78 64 90
61 88 1 15 13 94 67 37 40 49 48 90 67 33
77 68 48 66 10 19 54 61 58 16 47 65 77 53
43 32 93 11 64 11 77 16 40 31 67 100 56 74
8 4 19 29 59 35 86 76 96 47 52 16 5 27
29 55 6 35 1 73 27 51 77 19 18 97 24 30
42 67 6 29 48 88 37 54 90 55 12 36 53 45
7 19 24 2 32 40 38 26 93 22 93 43 88 7
98 44 96 1 99 37 86 43 27 83 30 61 81 76
58 58 41 33 9 92 42 75 50 56 93 7 80 33
351 276 256 477
179 248 327 178
311 326 291 422
135 205 317 408
115 325 262 476
188 207 288 359
166 214 227 461
32 338 287 239
203 265 295 133
13 257 311 406
122 189 284 356
69 217 194 165
341 241 339 167
267 296 275 125
53 69 97 58 90 41 62 43 93 100 21 55 76 93 94 55 25 72 49 29 80 9 91 6 19 9 30 53 47 31
97 4 33 82 100 43 12 30 68 71 17 32 51 96 75 76 11 73 5 90 13 56 1 19 35 59 95 84 78 71
56 45 31 51 74 21 69 85 57 40 62 59 69 75 70 47 19 33 72 1 31 82 46 12 35 80 67 98 3 48
49 63 28 89 56 42 3 33 34 19 86 55 24 58 77 68 52 95 94 84 83 23 26 30 52 11 100 74 97 16
65 26 54 33 97 63 33 36 44 49 44 73 83 53 51 33 43 11 17 95 70 16 94 96 68 40 66 32 9 14
58 99 62 27 98 69 16 49 42 75 72 92 88 52 15 58 10 20 53 31 90 45 24 86 89 97 100 70 48 19
97 51 42 1 31 62 92 10 49 37 89 31 17 31 10 35 32 85 68 11 1 65 96 70 75 80 51 90 23 37
68 98 98 77 74 66 27 3 47 33 46 49 20 57 76 21 79 99 66 94 64 42 16 65 1 37 65 72 13 16
25 18 64 55 28 3 34 36 84 90 35 79 78 59 46 55 60 46 39 80 74 30 37 2 5 63 36 46 70 98
13 16 68 90 25 46 82 15 81 18 67 86 23 19 81 36 37 11 32 74 27 33 15 7 91 70 48 68 32 7
84 98 92 50 95 14 98 22 42 81 91 40 74 39 46 78 100 37 6 12 73 36 37 35 36 4 100 10 33 14
1 78 48 55 33 1 66 5 10 75 71 93 50 17 41 36 34 63 81 64 24 10 6 66 32 86 95 10 68 92
46 83 67 33 83 70 22 35 10 48 36 81 32 74 25 86 26 13 84 1 54 66 24 50 45 54 74 13 52 61
34 42 61 59 45 9 63 26 42 25 97 100 48 99 24 68 7 76 77 88 79 13 76 76 63 32 41 48 88 85
3 18 91 27 25 81 52 59 97 90 52 65 40 73 75 98 44 51 53 29 77 9 41 75 71 77 31 89 72 77
27 59 71 12 71 100 82 77 77 70 43 11 29 28 24 39 95 17 60 67 32 82 76 8 60 70 85 46 58 88
50 17 79 79 86 80 29 66 43 1 12 61 6 95 57 31 63 52 4 19 53 16 39 86 29 46 94 27 95 1
83 41 29 44 96 90 15 53 95 87 39 86 90 10 94 61 16 30 46 90 57 71 63 49 27 60 87 7 44 6
46 9 84 94 40 28 85 30 89 59 55 96 13 94 85 74 87 33 20 56 69 49 56 53 23 58 59 3 47 84
49 25 17 82 23 2 7 86 20 88 15 77 65 12 67 41 89 21 79 4 83 40 3 46 9 33 43 90 20 13
25 62 82 34 25 100 51 35 36 67 77 84 12 40 2 76 96 22 93 45 84 18 30 95 24 80 71 3 51 88
3 42 37 73 55 62 20 36 99 84 82 1 7 80 63 66 62 6 100 97 69 88 89 19 66 100 40 87 42 93
90 40 100 32 58 27 5 83 74 48 59 17 34 8 26 72 52 92 52 37 47 25 16 6 22 18 66 22 43 71
6 52 69 58 58 94 37 52 100 85 44 92 88 19 30 3 82 10 81 52 1 75 17 51 47 76 81 38 87 16
55 9 63 40 24 31 24 71 95 88 84 68 7 97 30 81 89 88 91 30 37 35 65 42 17 73 15 85 61 26
43 69 48 81 25 44 49 84 95 96 54 90 40 20 73 34 51 6 71 92 28 25 76 88 2 97 99 73 15 48
65 14 29 28 100 69 75 89 21 96 63 62 21 22 28 43 49 96 46 92 34 51 64 60 92 13 53 57 97 40
66 44 13 25 32 11 83 65 69 93 93 90 55 14 61 47 53 31 73 26 92 88 12 5 96 51 27 30 57 77
36 33 23 25 78 74 89 56 71 27 54 35 19 79 56 9 57 97 91 91 67 23 62 54 70 39 14 8 77 15
43 98 90 98 22 95 81 99 35 9 9 1 77 62 84 41 33 41 38 59 17 59 46 98 28 14 75 47 39 34
58 85 84 29 82 25 19 35 74 74 29 32 2 47 42 3 49 63 77 94 86 94 53 60 69 34 25 12 82 68
64 60 23 65 49 84 11 58 7 84 58 67 29 83 82 19 73 90 60 68 12 4 69 28 89 43 89 97 66 7
15 99 78 82 3 97 1 57 42 40 77 64 96 65 94 25 51 54 27 25 21 10 67 88 19 72 12 75 27 42
57 30 85 11 29 93 92 52 52 19 79 19 21 56 27 55 98 45 79 41 65 19 29 43 5 31 43 99 38 18
8 19 50 57 96 46 3 42 48 59 85 64 2 90 91 18 95 6 67 92 58 33 62 32 26 68 24 52 40 75
19 46 32 37 6 100 37 80 85 53 3 4 12 97 86 46 26 5 12 95 56 60 77 62 47 19 15 64 30 98
32 82 35 74 90 100 5 54 11 74 17 62 38 42 38 92 78 60 55 59 71 61 2 73 4 69 43 59 86 60
18 40 14 58 20 62 60 59 38 27 52 95 16 100 97 41 63 60 90 37 22 79 36 73 41 12 8 49 7 2
79 97 24 34 1 92 24 19 2 41 16 17 84 8 2 68 34 32 67 78 24 3 4 23 34 85 57 3 9 3
68 71 20 92 15 39 76 15 51 10 71 52 18 70 17 88 75 41 52 65 32 31 28 62 83 53 9 16 81 57
61 92 9 82 97 72 16 85 73 47 72 83 88 82 16 63 24 72 25 99 16 95 99 86 90 14 5 95 26 76
71 31 40 4 49 96 22 64 35 9 96 85 20 30 10 51 32 11 69 9 21 88 96 89 11 61 76 43 26 49
