12 12 30 3
5 12 10
20 15 10
17 10 17
13 9 20
6 13 18
12 20 13
15 7 14
17 16 13
14 6 20
16 7 15
8 9 17
11 18 12
20 18 9
13 6 17
19 6 12
13 5 5
8 19 8
6 15 20
13 9 9
9 10 19
8 16 8
12 6 10
15 15 8
20 12 20
11 18 8
10 10 8
18 5 9
18 20 15
12 10 9
8 10 13
56 319 111 455
55 68 383 199
55 240 193 247
55 339 335 382
55 307 274 236
55 114 362 353
55 84 201 455
55 223 196 225
46 352 129 413
44 200 255 483
21 103 283 441
39 133 216 189
80 6 66 83 24 64 83 65 46 29 97 100
83 96 93 64 69 96 35 4 26 22 15 71
97 47 57 18 76 20 34 54 93 59 68 93
56 90 66 98 92 21 14 22 84 22 46 69
48 15 57 66 7 22 19 78 40 77 42 70
25 72 98 2 80 72 30 82 89 42 53 7
30 64 97 70 11 47 64 5 58 61 63 89
62 70 44 78 44 13 83 6 80 40 18 4
6 11 6 60 1 26 5 95 26 32 38 40
24 58 85 91 7 63 63 4 80 10 11 95
97 56 78 91 41 95 1 34 30 84 29 62
81 14 4 52 74 83 59 63 84 13 80 80
33 13 72 8 51 20 77 73 2 90 53 97
21 10 91 30 81 41 10 25 76 87 39 61
98 23 82 93 93 50 84 91 72 21 13 99
21 48 73 42 29 48 71 19 33 80 96 33
87 93 80 37 36 99 62 40 49 24 42 1
20 12 10 30 52 65 39 25 29 35 71 54
49 57 63 49 82 52 17 31 67 96 78 53
43 62 79 46 11 88 66 23 76 37 32 6
81 6 34 63 74 75 72 28 1 76 34 57
91 12 95 3 2 8 28 12 39 33 38 35
29 92 52 33 51 83 17 81 87 45 9 26
76 36 19 25 34 51 28 3 99 37 20 27
5 15 87 87 2 9 61 31 56 37 96 64
27 46 89 98 5 83 88 97 71 43 20 28
57 63 73 43 67 18 59 49 12 79 42 62
66 48 97 94 58 37 55 44 28 59 27 45
77 69 48 69 95 83 22 52 29 11 50 43
59 84 89 5 17 18 88 37 91 39 15 90
41 83 18 94 97 14 23 86 80 40 23 85
67 91 9 35 71 80 11 1 23 87 79 39
64 45 88 97 87 37 46 59 6 69 90 64
82 71 17 33 78 66 41 51 73 41 29 10
18 67 36 18 78 87 92 54 3 62 19 21
95 1 28 37 70 5 53 5 29 3 2 69
56 82 114 497
55 187 296 110
55 90 184 336
55 100 384 272
55 234 252 279
55 54 67 242
55 100 333 454
24 202 61 443
33 248 179 173
5 171 325 475
20 265 49 179
17 247 278 479
84 55 96 45 64 69 12 10 78 58 20 45 34 4 21 50 97 22 2 53 70 52 99 29 63 32 35 33 100 11
22 24 24 80 54 98 48 20 1 56 97 12 94 64 16 9 74 65 24 51 20 96 15 33 66 50 100 16 28 55
40 71 87 77 77 96 10 89 80 69 59 62 35 3 73 40 69 97 85 82 38 27 34 55 86 77 30 67 4 21
92 8 90 8 41 35 56 62 25 82 12 60 58 64 84 20 86 59 53 17 58 46 70 52 88 31 24 54 13 53
9 73 30 75 88 95 99 80 46 71 59 57 82 81 3 77 85 37 7 39 46 63 29 40 6 16 71 99 25 4
46 28 37 49 41 37 34 4 23 25 86 39 39 63 57 16 40 56 49 83 61 83 78 4 36 91 11 37 66 96
37 2 32 72 61 88 37 5 14 65 48 76 77 94 2 23 57 30 53 3 14 33 90 41 44 6 78 70 15 34
5 25 16 64 9 23 78 57 84 18 11 22 30 91 80 76 20 32 41 11 20 27 45 13 11 50 27 9 41 28
46 23 83 97 2 39 42 43 68 68 20 37 61 64 98 14 2 88 23 43 46 31 67 11 23 12 50 6 86 19
75 70 83 5 29 85 28 81 32 17 41 78 42 62 12 60 36 9 66 50 41 30 51 70 74 13 98 77 64 17
36 87 93 72 59 86 38 79 83 63 50 35 71 78 83 87 32 26 54 69 67 33 43 40 87 56 28 74 54 27
56 7 89 77 52 67 19 2 81 71 61 41 8 47 31 45 67 1 77 31 46 100 58 87 99 60 23 78 20 67
81 61 66 9 99 46 16 99 48 4 23 17 49 83 30 19 56 75 55 27 50 34 20 31 82 7 78 16 7 78
29 2 98 2 29 70 66 60 72 73 71 41 47 67 72 62 37 94 19 63 21 4 60 28 45 53 45 20 98 32
19 76 7 22 56 91 79 66 39 74 3 78 27 37 69 50 87 55 18 90 63 98 12 85 24 12 63 2 34 1
72 35 98 18 63 55 42 60 36 93 15 60 48 26 73 27 26 96 33 17 6 22 44 35 96 58 56 45 23 66
20 60 59 59 7 27 11 67 59 23 26 17 92 7 50 38 12 88 31 59 36 37 81 98 31 19 93 21 20 57
75 9 89 43 44 45 84 20 47 14 16 90 50 42 2 40 28 44 83 30 70 44 44 17 54 98 58 71 55 68
2 24 71 21 31 80 80 49 86 28 62 10 93 93 1 38 7 51 84 55 57 22 39 54 72 57 93 100 35 41
4 38 64 3 13 15 56 89 81 46 88 53 58 2 84 75 55 15 3 80 85 87 52 51 93 62 17 5 96 48
95 82 11 84 91 88 79 1 53 38 46 6 82 57 53 18 83 61 12 58 95 22 65 33 35 57 55 3 83 75
3 6 49 86 1 18 62 60 96 31 99 100 75 58 6 92 5 54 25 16 56 69 84 23 30 20 33 99 56 59
43 11 78 61 18 30 23 99 19 81 81 77 7 97 21 60 67 48 12 12 94 10 71 24 89 7 80 19 17 70
19 48 4 67 19 73 22 66 23 58 75 49 23 91 59 51 22 71 77 86 2 17 61 76 80 8 39 62 22 88
15 47 47 45 90 80 51 70 10 100 90 71 17 76 53 39 87 96 16 10 80 48 68 78 13 40 70 35 86 18
98 3 39 7 3 23 14 83 33 64 99 98 56 29 61 79 72 80 76 61 8 75 52 60 53 58 24 72 83 23
92 61 10 77 86 5 55 70 90 45 87 100 83 59 77 98 8 6 59 13 64 68 17 96 34 17 70 85 86 38
30 72 81 67 19 69 25 46 11 88 32 46 91 73 74 3 41 89 13 29 4 67 54 100 24 18 44 5 45 55
70 55 96 77 34 4 51 97 93 70 63 51 5 41 89 71 69 25 69 55 87 29 59 7 24 24 92 66 22 38
88 4 45 62 64 17 16 38 47 67 27 62 24 1 81 98 99 58 11 24 77 14 13 62 5 26 26 36 43 27
56 88 16 88 25 57 56 72 96 22 59 24 10 25 27 45 79 74 12 56 39 30 78 32 7 4 21 96 79 87
98 24 51 82 8 62 80 39 46 16 89 60 69 40 28 18 73 7 100 8 60 67 1 45 71 18 89 97 73 90
75 40 16 50 29 90 57 24 71 10 8 94 29 71 93 82 4 26 37 25 20 42 10 84 81 2 7 21 21 29
81 95 86 12 24 46 90 62 55 82 63 73 41 7 97 91 11 71 33 80 30 42 64 33 3 50 78 62 34 66
61 48 27 41 58 44 85 27 75 33 96 30 58 49 42 64 4 41 15 58 93 29 17 16 58 99 68 27 25 55
37 10 73 100 81 99 75 35 70 52 31 71 58 96 67 28 33 54 45 60 27 8 30 32 19 48 26 1 67 32
