12 12 30 3
16 5 9
9 15 15
19 6 20
10 10 6
13 18 8
18 9 18
15 13 14
18 18 12
11 19 10
14 6 12
7 10 14
9 5 18
6 11 9
19 11 18
9 12 11
20 8 12
5 8 20
11 10 7
7 10 11
18 6 6
6 17 10
16 8 10
5 13 15
15 15 8
8 11 8
15 9 20
15 14 19
18 14 18
18 9 6
11 10 15
55 231 269 305
55 54 115 146
54 151 348 128
54 250 341 463
54 244 342 415
54 272 234 438
54 197 184 409
8 203 329 322
38 117 275 267
13 251 169 103
54 292 125 269
28 240 282 132
60 66 44 42 100 97 58 68 56 82 8 24
51 29 93 7 93 70 5 6 13 27 6 44
66 51 64 59 56 1 29 84 31 69 75 96
88 19 58 4 77 56 19 13 77 63 42 44
3 100 57 48 75 2 52 73 83 15 15 59
8 83 70 65 25 22 95 41 21 9 72 16
83 83 12 56 24 23 44 52 64 56 92 87
34 56 100 26 79 30 85 90 66 23 66 76
93 70 52 52 33 96 94 95 16 14 3 33
78 67 20 68 17 88 71 54 61 31 18 98
70 34 29 91 10 36 4 45 95 79 48 80
33 59 94 89 28 92 37 99 53 25 23 1
32 82 66 65 7 35 90 46 34 65 61 11
100 44 76 96 59 88 63 10 40 37 64 51
74 61 35 66 51 55 43 67 35 52 24 85
69 39 53 41 41 49 26 3 75 99 91 90
30 22 52 17 56 27 83 93 29 85 67 84
75 35 40 62 96 12 49 92 35 70 37 33
43 3 63 89 34 29 21 4 20 9 57 16
16 30 71 8 17 93 98 43 35 53 44 88
92 25 77 65 84 39 66 32 50 51 79 49
50 79 2 17 18 36 47 73 49 39 87 33
89 46 15 79 31 2 100 12 2 52 22 64
7 52 54 91 7 14 51 33 41 89 75 97
79 34 85 2 39 71 4 12 40 80 30 71
66 64 100 15 76 46 84 94 1 30 3 63
2 41 14 46 40 56 39 3 9 87 17 35
40 16 28 63 1 61 73 12 63 65 77 88
98 40 52 49 70 35 25 36 77 37 64 53
84 4 28 69 55 33 76 91 85 37 85 23
94 32 49 22 2 93 25 73 43 40 51 28
92 17 3 40 49 42 3 71 9 15 46 4
67 34 69 34 28 47 15 6 27 98 91 99
94 89 92 52 87 48 11 49 45 64 84 70
89 11 48 52 14 36 21 35 53 95 6 53
83 1 55 85 64 18 64 46 49 22 11 15
55 324 268 114
55 164 281 472
54 182 93 459
54 178 215 308
54 90 280 282
54 213 213 282
54 140 252 220
13 77 142 361
7 214 355 382
17 196 277 151
20 183 66 236
52 195 163 251
8 28 46 45 69 91 73 47 37 69 83 16 46 18 5 80 47 35 40 41 91 7 53 97 58 13 42 77 33 46
53 64 39 36 13 81 60 84 6 97 94 49 81 59 66 40 36 85 78 100 5 42 76 39 47 83 56 54 11 20
61 72 19 27 33 30 46 42 6 94 5 96 95 73 9 60 40 59 63 81 9 25 18 34 83 28 83 44 51 48
45 30 32 59 73 94 34 97 100 59 96 92 78 14 56 76 87 38 3 99 46 69 90 65 73 63 10 100 77 33
4 68 36 23 57 100 33 91 52 19 11 67 81 10 61 82 28 74 56 34 61 59 40 74 53 89 64 44 98 16
6 9 71 73 98 17 20 41 49 22 7 20 58 20 94 10 38 22 87 33 93 80 29 86 45 58 81 33 12 96
46 97 56 80 24 62 11 23 77 16 23 77 51 63 14 39 83 43 97 40 29 74 76 13 30 61 39 95 67 97
83 50 63 52 87 69 18 5 69 47 32 68 15 72 11 56 3 1 96 59 30 100 18 90 26 29 21 39 10 6
7 92 48 73 28 87 71 46 80 23 56 80 82 4 89 73 84 71 75 38 12 38 36 39 63 100 60 54 53 20
17 41 86 28 82 5 83 37 100 53 4 64 13 37 49 35 63 55 2 1 50 62 32 80 67 64 80 13 64 49
70 64 92 14 2 34 65 91 72 34 53 44 21 47 15 82 40 59 26 85 70 42 96 7 33 4 90 85 16 29
82 42 2 19 41 20 57 36 36 10 48 21 64 10 97 71 46 47 20 75 32 10 94 32 84 33 12 94 3 25
15 54 4 71 4 36 23 80 37 5 43 14 22 84 84 62 7 65 96 56 68 21 83 46 43 34 64 49 95 5
41 40 33 87 84 43 42 32 21 51 22 58 80 26 31 3 46 5 61 61 7 95 8 61 25 1 34 11 49 57
85 33 52 1 16 59 86 26 99 94 88 75 37 99 50 26 58 29 3 56 75 39 54 23 85 41 14 51 5 42
13 82 67 88 25 9 75 7 89 33 53 81 63 33 68 9 53 5 22 41 67 69 67 11 13 10 52 40 90 59
31 61 34 47 10 6 53 74 46 37 1 97 21 93 57 59 24 27 63 51 11 99 14 21 28 2 27 46 39 90
83 59 60 98 74 30 30 39 15 68 91 89 45 64 70 85 52 24 56 31 63 54 21 89 40 13 46 1 40 46
55 72 47 25 64 8 57 85 37 27 54 15 77 13 32 58 48 94 32 68 45 100 91 94 74 70 56 36 14 8
97 67 69 29 31 32 1 87 86 32 91 59 80 2 45 55 1 32 32 2 24 36 100 75 3 72 78 95 60 11
47 32 48 73 76 37 77 11 79 92 44 39 29 27 55 51 5 10 27 25 79 47 74 7 28 46 27 29 35 43
64 38 49 68 29 56 56 85 83 24 11 22 52 45 20 55 10 97 80 43 47 90 56 50 4 72 95 63 88 21
29 42 36 4 51 76 17 56 53 44 66 77 71 55 72 55 85 35 67 96 31 52 85 10 50 7 47 48 73 54
51 84 63 82 57 26 7 92 27 12 77 9 51 99 84 34 39 26 61 74 36 74 54 70 88 88 7 74 34 81
88 34 90 73 49 78 44 95 44 5 77 47 61 43 7 42 61 30 30 9 72 72 99 68 49 32 36 41 27 45
23 5 23 29 55 84 23 10 2 25 38 50 9 34 19 62 22 2 28 82 53 8 53 80 51 85 49 65 12 26
93 18 82 65 24 55 54 76 6 44 67 83 46 72 56 46 75 59 57 54 32 62 36 67 70 35 26 9 65 52
50 62 100 77 30 21 90 64 43 45 1 32 8 78 77 61 26 23 23 35 41 28 17 100 55 82 17 56 87 8
35 72 46 27 34 79 68 61 44 90 62 81 11 98 80 61 63 98 34 24 26 23 80 69 85 91 15 71 42 68
73 99 79 30 96 10 19 29 36 57 2 81 96 81 4 74 20 68 29 30 73 72 53 14 8 54 15 38 99 79
88 81 81 14 98 21 51 2 85 66 60 44 83 40 59 57 65 43 11 90 40 48 10 9 17 18 21 98 54 96
76 69 78 21 76 37 55 70 16 22 5 41 28 10 58 68 25 12 78 88 9 55 5 18 60 54 57 61 17 51
52 42 85 59 23 1 18 31 26 58 91 30 90 23 75 49 38 86 96 84 19 29 14 27 28 15 36 65 55 20
84 27 64 98 24 99 47 2 78 51 1 40 66 82 32 13 28 65 99 10 3 43 56 62 41 33 32 31 17 26
28 11 87 83 94 47 88 90 17 74 22 75 63 68 46 100 35 29 40 33 79 79 50 23 88 77 56 49 17 23
21 35 57 7 100 43 73 100 31 21 29 41 96 62 57 97 84 56 3 14 33 18 79 79 21 12 49 3 4 95
