14 14 30 3
20 15 14
9 14 18
13 15 9
14 15 15
12 11 10
8 17 19
5 16 6
6 5 9
10 9 17
5 19 9
5 19 6
15 10 7
19 13 15
8 14 16
18 15 19
7 13 12
5 14 7
15 14 15
7 20 11
7 8 17
20 12 11
6 5 13
16 6 17
8 10 12
12 11 16
18 18 13
20 12 8
16 5 12
18 11 6
8 18 20
117 276 161 353
116 225 288 225
116 163 357 129
75 175 277 480
57 224 177 402
59 191 361 205
115 104 171 408
39 122 326 353
65 358 223 414
71 182 256 207
88 323 283 427
40 218 303 387
110 219 353 135
108 185 335 143
29 48 4 69 23 97 81 71 27 66 17 95 21 60
1 20 96 17 76 57 73 27 34 36 81 67 93 99
84 5 2 88 82 24 47 83 13 77 83 71 63 38
10 35 50 31 48 97 11 72 39 22 39 74 33 89
26 77 9 84 45 75 89 70 27 41 65 43 15 28
36 42 32 34 29 25 23 18 34 67 12 57 14 67
41 43 99 79 86 60 48 16 60 93 47 30 49 1
79 6 73 86 18 73 17 41 74 61 28 69 33 6
92 10 87 69 55 88 80 83 24 69 18 1 22 35
75 95 80 61 19 66 58 9 84 59 55 81 66 81
80 36 43 36 30 73 79 91 63 26 14 71 19 45
53 12 21 30 67 42 69 55 5 63 31 94 26 19
9 9 47 29 7 64 89 3 9 15 68 53 41 35
23 59 71 97 78 68 63 79 28 71 79 39 93 50
59 67 62 92 38 71 71 55 78 34 71 94 39 29
15 13 6 84 47 100 10 83 53 15 17 23 60 39
58 49 27 61 65 82 68 7 86 59 36 69 74 9
72 14 57 18 74 18 27 49 47 72 65 14 50 82
24 59 60 71 60 95 5 4 18 36 73 47 10 78
70 22 43 1 19 15 90 24 82 16 86 55 31 67
46 41 48 85 82 30 7 88 44 72 84 98 28 84
67 9 97 13 54 60 2 43 84 97 8 2 63 25
66 89 30 4 92 89 65 51 24 81 12 9 8 45
5 17 95 2 61 63 41 61 8 11 77 45 96 2
89 40 49 10 23 1 62 32 94 37 3 60 73 82
92 41 26 17 74 5 8 52 10 35 21 83 1 36
27 100 69 46 43 56 39 17 98 57 57 67 60 60
95 50 34 61 2 21 56 37 50 4 55 64 100 81
66 66 1 51 42 23 32 18 48 45 69 97 62 9
36 50 89 79 9 77 26 13 58 15 17 79 11 22
9 44 14 51 41 16 57 98 28 37 88 70 100 39
65 68 44 54 62 78 4 59 6 63 56 67 69 28
32 13 8 12 71 20 2 2 9 60 18 53 15 28
57 51 19 55 52 96 79 93 77 42 28 82 55 98
45 35 36 62 5 32 25 34 80 92 63 25 67 67
60 99 55 72 84 88 41 44 42 3 5 63 7 73
66 72 3 98 8 68 41 50 75 55 84 47 88 95
26 13 83 3 63 78 94 96 33 10 17 68 61 43
20 55 52 73 77 39 2 69 32 80 86 40 56 22
52 65 90 20 45 12 47 57 42 34 38 85 71 6
32 36 51 64 62 28 29 27 24 87 39 95 43 46
59 28 84 68 28 35 30 64 44 6 68 44 17 91
117 320 166 410
116 208 342 256
116 368 374 171
98 354 259 258
79 221 210 175
17 375 191 448
11 289 100 379
44 268 236 467
75 115 154 117
94 201 99 413
83 132 156 369
100 186 231 498
41 315 294 318
111 107 95 124
69 13 55 5 64 65 42 34 79 46 6 96 52 71 35 30 75 94 76 25 54 79 19 7 77 78 60 18 78 32
40 87 43 39 6 90 72 18 28 52 81 56 23 70 42 23 92 50 77 74 51 25 69 81 4 84 80 37 13 34
14 5 88 98 49 49 66 9 36 97 96 74 51 35 65 61 68 70 21 92 55 49 57 100 7 39 17 61 58 71
63 33 20 77 94 33 91 11 38 86 37 95 1 37 95 68 74 89 71 16 51 30 9 25 29 87 28 81 99 56
70 46 66 48 64 1 68 17 7 68 47 45 65 93 72 47 56 72 43 60 13 3 29 82 88 41 89 75 52 59
16 58 20 49 60 25 67 59 27 9 67 45 1 95 93 54 39 62 54 88 30 31 93 12 65 23 32 55 21 18
96 9 96 21 32 31 57 13 67 11 46 92 3 67 36 53 57 76 77 56 26 18 16 5 51 54 47 54 54 83
73 58 87 53 97 77 27 30 19 40 29 74 59 87 43 74 73 55 33 49 22 36 38 32 61 81 21 81 13 35
16 91 62 70 28 61 19 37 7 45 46 9 27 25 77 5 27 51 29 34 83 54 95 68 30 71 81 69 50 1
78 16 57 19 42 42 46 95 40 32 88 37 44 4 89 6 16 30 92 44 20 88 2 85 12 68 59 36 58 93
99 55 11 52 4 5 72 43 56 17 27 12 50 46 23 97 75 77 65 90 73 66 99 70 53 89 47 60 33 63
60 62 94 52 15 96 75 80 28 59 9 7 64 99 61 97 95 51 67 15 6 81 11 32 52 69 12 76 17 34
71 70 28 70 31 86 67 63 3 62 57 5 70 70 38 53 37 9 95 52 72 11 19 52 30 32 65 100 86 4
16 5 44 11 99 47 63 84 15 6 27 63 9 54 67 65 76 1 59 91 84 27 18 76 92 36 27 40 23 88
48 88 7 71 50 98 14 41 82 58 96 33 78 43 83 9 45 61 18 71 82 96 75 44 41 74 84 58 1 11
45 60 27 40 77 73 28 9 86 68 55 26 87 47 92 79 25 36 32 49 40 85 50 25 15 81 54 93 28 30
67 79 47 43 47 74 62 82 87 73 65 65 60 65 42 65 58 88 51 29 61 16 54 53 20 54 85 14 61 7
46 46 63 14 97 79 76 16 75 15 80 70 66 96 8 5 43 100 50 81 11 60 67 3 56 34 67 32 71 45
51 14 12 44 94 70 48 14 34 31 40 12 2 78 26 34 7 76 35 31 82 53 48 41 73 70 99 11 64 37
56 19 92 35 25 20 50 66 86 21 3 64 52 31 20 96 95 57 90 73 51 57 28 75 5 22 46 15 42 57
62 72 7 72 28 96 20 18 13 29 83 34 85 1 57 67 87 11 70 95 77 67 60 59 30 89 99 56 7 45
51 58 33 88 73 43 31 21 21 29 20 19 67 79 8 36 74 89 44 88 24 98 26 70 90 45 90 17 56 90
54 16 100 66 2 96 100 70 93 59 57 14 14 98 55 2 96 87 65 82 34 27 96 16 14 36 7 96 28 11
73 95 98 58 99 19 74 90 72 66 86 42 13 88 64 23 28 28 46 43 48 53 6 3 19 14 47 28 37 86
44 29 20 44 10 90 20 57 80 24 3 91 27 19 67 75 63 57 11 25 30 27 65 77 30 32 25 52 5 64
75 35 89 57 1 36 10 54 45 31 21 77 76 69 76 81 13 14 23 91 91 15 37 18 96 73 20 67 84 87
52 90 6 68 72 10 83 25 17 52 17 9 7 17 87 11 15 21 43 65 21 65 67 78 14 41 65 49 26 58
51 40 25 44 53 63 94 73 74 60 94 19 47 71 60 41 31 32 14 57 22 96 70 56 79 38 92 30 66 69
48 24 26 23 78 37 45 55 34 78 42 65 19 1 71 43 39 67 50 22 30 17 97 99 24 36 86 73 85 54
54 29 22 50 69 30 49 82 3 71 88 27 72 39 98 67 45 24 49 26 41 18 41 89 30 73 43 25 46 36
56 83 62 11 31 6 10 68 85 12 36 3 40 6 1 26 7 74 50 78 94 36 38 67 50 80 23 60 62 74
39 100 21 93 3 32 13 10 49 84 68 68 28 16 7 13 7 75 9 89 59 72 90 85 53 83 96 33 30 86
98 70 39 88 49 80 72 15 53 43 24 86 70 96 35 38 31 91 100 40 69 52 4 30 69 76 1 94 33 22
3 51 85 43 33 63 52 48 71 18 69 61 45 43 41 24 4 58 49 79 40 92 42 4 11 4 73 96 10 92
17 9 90 89 88 28 73 49 62 76 11 5 12 52 69 83 13 42 27 26 42 45 17 45 94 87 100 39 93 71
29 16 39 78 64 78 40 26 72 69 40 24 80 51 33 58 22 80 72 100 7 61 36 69 34 60 100 94 66 69
6 71 30 21 34 33 89 38 2 81 92 22 63 90 55 95 39 32 30 94 32 17 6 15 48 19 4 59 55 31
46 12 93 57 87 71 93 65 71 14 90 21 84 68 61 72 69 5 54 12 67 8 45 37 72 58 10 87 48 71
69 28 60 70 98 74 93 48 84 12 65 57 29 99 2 85 9 43 93 44 41 15 65 31 22 91 42 12 80 63
92 49 10 96 38 10 21 21 43 44 12 39 27 42 60 75 25 64 100 7 14 41 97 63 53 20 44 62 31 79
17 92 78 88 57 6 16 73 74 31 10 70 58 29 99 42 11 80 76 35 6 48 90 41 33 65 59 43 41 3
39 55 54 98 100 1 91 77 90 74 50 47 21 15 24 91 58 62 6 47 59 78 8 6 100 59 2 91 50 64
