12 12 30 3
15 19 8
5 7 10
19 15 14
13 20 9
20 17 15
7 12 10
9 9 7
18 13 10
15 7 6
20 19 11
7 19 14
20 8 12
18 7 9
5 17 6
18 17 17
5 18 11
15 10 12
5 17 11
16 10 19
20 17 15
18 5 6
5 12 5
19 10 15
12 19 10
12 11 12
10 18 20
17 5 18
9 7 15
16 16 10
5 9 11
131 359 213 476
131 383 238 426
130 302 229 341
74 163 232 274
51 223 225 229
40 384 246 435
68 111 136 119
104 315 221 362
19 274 219 149
114 226 341 476
99 209 124 105
114 300 179 436
12 18 59 91 81 70 59 45 52 1 48 91
89 62 34 96 95 73 49 65 8 87 54 34
52 12 22 84 65 88 92 92 51 8 3 89
59 17 95 32 46 11 1 63 83 2 71 3
57 60 57 38 12 89 50 72 56 53 56 64
97 36 14 63 87 76 43 94 18 15 39 97
3 23 80 8 33 15 3 2 18 41 9 60
98 100 65 54 27 79 31 83 20 76 70 10
33 26 69 54 84 66 94 21 29 72 16 2
30 69 49 61 90 25 46 86 96 15 61 68
17 75 31 40 8 99 1 99 23 50 38 57
39 16 32 79 29 73 74 80 41 17 21 52
59 65 55 91 100 31 64 88 71 2 40 12
93 46 60 90 52 69 31 82 36 71 16 83
78 20 6 76 6 90 32 93 53 79 67 39
26 69 10 65 19 9 40 86 95 54 75 18
96 76 63 45 20 91 51 7 10 17 2 59
58 74 16 10 5 17 37 86 72 23 38 85
58 55 65 17 76 99 39 41 60 63 40 18
12 94 71 9 8 54 15 66 9 47 32 4
53 62 83 30 60 80 80 37 40 54 2 29
57 5 11 7 91 19 1 4 14 38 22 32
6 54 52 52 75 66 50 23 61 56 54 82
81 68 79 30 6 52 46 20 55 96 5 21
47 26 42 13 83 79 96 18 97 27 30 62
67 28 66 44 45 86 41 44 15 34 49 93
38 92 64 58 69 84 65 81 15 67 86 40
75 10 85 82 87 39 13 71 55 79 61 32
81 26 53 53 97 79 55 98 20 28 74 44
7 52 15 19 20 88 83 79 65 17 94 12
98 2 25 60 92 6 59 89 29 99 39 57
13 62 52 77 5 86 56 21 15 66 36 50
100 99 83 32 2 20 18 52 93 3 11 74
33 75 33 4 15 13 13 20 11 66 12 7
82 15 44 6 57 52 68 18 24 35 83 92
71 14 67 43 70 75 75 85 71 29 21 46
131 134 249 254
131 119 233 284
130 176 268 395
59 100 98 432
50 188 169 440
36 205 192 286
78 299 136 377
37 179 155 499
113 129 182 261
130 140 288 379
51 263 211 250
39 380 245 188
44 55 38 81 64 32 33 46 14 31 54 21 77 99 54 92 97 4 80 18 5 48 7 14 54 94 27 42 88 50
5 39 77 80 37 21 37 65 78 70 24 8 30 87 65 58 70 25 62 99 78 72 73 28 89 22 78 84 41 85
65 30 23 4 28 59 96 29 94 49 46 90 15 69 3 85 3 83 43 51 20 76 16 46 77 66 25 65 18 97
89 78 95 39 10 70 92 97 45 56 7 90 56 34 44 91 47 5 99 60 54 17 76 61 30 23 47 66 63 25
9 67 41 98 99 92 39 93 59 56 73 93 19 90 100 30 78 24 56 38 24 93 11 60 78 71 15 78 34 23
84 69 28 23 71 78 96 56 34 92 96 8 87 86 34 63 9 30 76 98 44 86 46 3 8 88 52 47 53 98
73 85 65 11 63 74 40 91 77 70 12 71 35 76 86 72 26 45 25 36 62 13 6 34 36 45 77 22 73 96
38 39 88 1 62 11 37 98 36 10 15 89 58 54 49 86 12 57 25 93 16 37 23 54 31 71 39 92 22 75
93 66 48 55 37 13 85 5 40 30 87 58 39 82 63 63 43 57 36 38 30 45 99 65 34 27 35 65 87 21
20 26 6 18 94 24 78 16 66 81 11 24 76 97 9 4 70 93 14 86 3 14 80 17 56 85 50 22 33 4
68 48 42 27 39 79 13 91 89 17 67 98 32 69 20 90 100 45 99 30 66 92 64 57 99 73 39 37 26 28
1 96 88 79 93 24 60 35 38 17 16 18 26 47 2 84 1 97 9 15 91 90 53 87 6 8 17 23 6 90
84 36 45 58 87 100 80 28 63 14 77 3 56 64 37 38 46 1 33 83 63 36 18 6 61 66 81 26 6 71
37 32 81 15 26 87 46 69 100 58 45 83 49 5 70 73 63 80 5 66 73 89 35 63 43 18 56 56 48 80
6 14 14 44 36 4 37 72 55 63 29 37 64 13 56 90 56 42 53 44 24 53 40 67 11 51 82 96 99 86
6 100 5 86 100 77 45 35 2 98 49 15 80 43 29 76 6 12 4 19 13 11 31 75 73 22 30 45 79 3
15 63 95 92 35 40 52 1 60 38 87 28 2 90 67 91 32 90 19 31 14 39 16 82 55 37 42 79 33 17
35 45 80 31 21 63 53 56 47 87 96 56 83 27 70 94 64 23 24 13 46 70 44 76 13 88 95 44 11 27
12 78 30 14 37 92 54 51 82 79 46 47 44 84 43 62 77 28 71 75 83 2 16 74 18 84 13 95 97 75
20 29 45 61 18 8 52 33 46 70 35 16 95 92 55 42 97 65 93 57 49 41 93 76 9 74 19 51 59 9
78 39 95 19 27 47 84 42 23 33 74 1 4 19 47 61 61 90 96 92 59 87 96 90 37 89 14 64 81 100
49 95 69 79 27 35 80 75 13 91 76 67 96 75 34 47 45 65 26 61 18 58 4 94 96 38 15 16 71 45
58 62 88 36 66 45 82 23 34 67 17 74 83 55 11 75 54 40 81 73 14 12 61 39 73 6 36 51 98 5
2 13 1 46 75 29 56 8 41 4 2 9 9 75 77 80 78 40 69 32 6 17 26 93 32 5 3 16 91 55
37 15 12 28 72 5 89 72 46 57 36 42 12 94 72 34 26 80 75 31 88 84 54 94 68 73 95 68 35 6
71 53 8 96 60 35 49 47 69 72 32 74 59 10 81 81 89 44 3 93 97 57 22 63 76 64 79 50 43 27
39 86 45 74 48 59 32 41 8 60 7 89 32 4 59 74 44 44 83 73 45 7 66 6 80 73 100 29 52 2
14 61 83 99 17 64 23 83 22 21 63 44 49 90 63 78 54 67 51 18 67 94 23 82 72 47 97 99 5 13
12 37 65 94 95 20 44 95 75 48 38 68 43 94 75 84 6 47 53 87 47 87 96 6 66 5 71 62 88 7
51 65 35 59 51 60 52 21 94 98 94 64 88 9 96 31 64 22 25 30 49 43 83 60 33 20 60 53 36 50
1 53 56 54 39 70 86 70 13 30 68 46 98 73 6 9 11 8 84 76 32 52 87 87 64 99 5 15 33 1
69 91 40 89 43 75 20 20 4 100 74 88 98 16 69 58 73 20 34 37 92 16 21 29 69 83 17 59 44 5
18 96 84 62 41 37 15 22 2 8 38 71 23 51 69 44 60 93 99 5 45 66 41 76 46 47 65 28 61 98
29 93 56 35 7 23 10 12 72 18 88 96 88 99 37 12 31 85 98 7 14 14 20 5 6 24 45 40 44 49
10 11 56 54 97 27 42 3 86 27 44 47 75 7 98 1 59 100 20 55 89 7 28 56 41 63 4 66 60 8
68 35 88 54 57 44 82 78 41 63 12 55 10 18 23 47 22 44 27 49 84 65 36 12 67 59 74 69 69 93
