12 12 30 3
6 18 19
9 9 10
8 11 18
14 11 14
20 16 5
9 5 8
8 18 11
9 18 15
11 11 8
20 6 8
19 5 12
6 17 18
10 8 8
16 9 20
14 13 20
20 15 20
13 19 13
18 7 11
9 6 15
19 15 11
13 12 8
14 16 5
16 15 11
12 18 5
11 11 20
5 13 11
13 16 13
8 10 15
13 18 17
19 13 11
77 371 347 361
76 262 217 364
76 129 151 113
76 319 369 242
76 318 277 468
59 95 335 154
12 363 151 355
73 124 275 147
47 214 375 216
13 145 290 260
38 291 264 419
13 368 180 191
71 82 21 97 26 56 16 22 23 27 63 13
72 48 22 1 59 56 63 15 55 35 64 90
31 55 23 13 48 62 43 2 47 70 38 38
3 2 59 85 54 58 13 92 7 18 5 26
90 28 65 37 47 22 12 59 49 77 57 73
54 28 2 90 76 77 20 89 65 25 39 73
62 13 94 59 44 89 44 69 61 63 58 34
32 29 31 85 69 7 9 72 100 52 56 2
5 24 23 80 61 77 93 9 1 22 62 74
31 25 76 60 30 20 86 3 30 2 47 8
94 60 82 6 49 6 33 8 91 70 20 59
51 96 7 95 91 16 31 71 92 90 27 53
14 63 97 69 87 85 67 8 37 49 50 60
14 40 66 28 34 47 83 9 2 41 86 68
26 57 5 49 64 80 71 79 29 59 51 50
100 83 84 13 91 62 38 60 84 94 100 33
76 97 30 41 37 90 99 24 73 93 5 100
95 46 75 95 31 61 47 87 4 1 67 79
45 54 70 16 10 68 29 49 15 76 95 13
68 91 22 28 93 20 72 50 3 26 48 92
14 84 68 18 88 54 36 66 25 35 56 3
8 65 3 84 68 5 33 87 73 74 100 43
83 75 12 82 65 49 49 78 93 44 97 10
14 88 53 37 54 17 99 1 83 82 54 93
94 10 26 99 75 19 67 60 34 46 86 81
59 23 54 1 41 61 97 2 36 31 76 31
16 51 92 14 54 46 5 53 71 28 3 3
78 32 6 51 80 34 72 30 45 94 21 12
76 14 49 14 83 97 17 98 30 45 9 87
62 61 45 49 79 57 41 31 16 82 17 92
25 51 18 33 50 24 4 81 5 12 62 24
45 74 98 89 47 92 37 22 38 7 21 88
83 98 83 50 16 18 38 22 62 47 78 17
97 83 98 61 88 94 95 80 81 51 41 86
35 74 71 44 35 9 31 59 64 36 80 52
28 9 82 36 32 30 72 91 99 32 50 39
77 272 89 162
76 274 66 455
76 65 137 363
76 299 294 414
76 100 132 475
27 153 188 392
43 247 374 217
65 140 204 291
17 350 324 326
59 327 75 257
12 155 206 488
2 106 311 301
79 56 98 1 46 92 84 49 66 34 37 90 54 2 74 40 33 70 22 96 17 5 45 49 48 34 56 95 64 18
91 88 15 72 53 27 52 18 78 57 70 4 88 39 66 82 78 55 85 49 88 81 40 18 74 18 100 99 93 22
23 33 79 57 52 59 17 25 4 50 81 21 96 87 99 100 61 27 53 8 35 8 56 40 52 16 2 94 47 77
65 63 7 95 98 69 72 76 55 14 80 29 18 44 60 65 24 35 71 12 71 56 28 4 65 42 89 88 53 24
37 5 31 85 62 99 24 81 35 70 6 50 13 7 94 64 76 57 68 19 39 59 74 2 54 15 30 83 66 56
54 65 88 46 85 88 54 19 85 59 41 32 70 58 31 60 68 4 18 61 27 33 91 60 49 22 13 51 25 9
43 54 13 39 39 54 81 54 53 99 21 8 95 16 54 44 10 62 86 32 29 39 9 84 9 30 31 6 89 71
75 16 35 86 96 100 21 6 79 18 49 30 43 36 62 55 86 76 17 56 36 41 35 73 49 56 62 11 41 77
3 24 65 5 41 20 48 44 45 44 2 54 21 6 83 75 75 67 52 80 67 70 44 81 99 67 15 22 2 63
69 68 37 83 20 49 58 11 73 14 45 11 34 35 86 48 55 4 100 33 11 35 93 96 28 15 45 49 46 77
21 67 68 24 69 92 46 50 22 45 17 15 41 14 11 36 93 56 49 79 82 43 99 78 25 7 2 71 20 68
54 72 76 9 91 56 5 92 83 75 34 45 6 42 72 85 60 13 2 100 73 53 62 37 62 14 11 29 35 77
76 64 93 3 89 63 36 11 89 59 96 54 56 79 31 49 65 80 67 5 98 85 68 93 15 29 79 11 98 43
85 26 84 77 91 39 35 45 40 23 8 62 54 62 16 21 59 48 48 50 85 19 7 52 49 83 90 81 14 73
59 7 85 86 86 22 87 27 43 47 30 69 53 85 22 64 12 18 23 12 10 23 82 30 63 61 41 64 57 8
24 39 87 69 36 14 16 79 74 11 8 78 63 28 61 30 72 13 82 7 29 25 27 2 58 76 62 46 62 10
80 76 43 35 11 100 54 58 74 14 45 94 36 64 60 56 10 51 72 54 72 85 30 25 50 34 34 95 75 87
51 15 61 43 17 27 2 13 88 5 51 80 73 22 40 22 38 7 13 32 7 59 33 73 26 25 83 100 78 46
32 44 47 65 86 13 94 46 3 35 46 51 51 3 73 23 93 89 81 99 54 17 28 27 16 47 36 91 60 3
10 37 87 62 77 75 77 44 45 24 54 31 96 35 86 40 90 33 34 89 64 90 64 5 11 9 48 76 67 87
98 21 30 88 49 74 60 72 98 27 82 25 40 56 25 91 19 74 85 38 100 18 65 70 61 78 66 72 77 45
91 49 42 99 98 9 73 33 3 5 21 43 20 6 100 39 66 50 43 87 65 10 18 91 71 5 23 31 78 46
78 14 22 100 76 25 2 66 38 75 17 47 42 43 8 60 71 59 56 15 7 37 93 81 13 23 84 99 29 51
61 99 45 95 11 91 27 78 58 83 22 45 76 16 23 4 96 79 46 83 56 87 32 82 21 41 15 34 85 87
8 66 91 51 44 44 35 2 80 100 78 45 60 54 84 3 48 20 46 16 96 47 57 93 73 95 18 60 22 36
60 17 54 73 16 5 74 71 8 85 29 19 33 80 85 61 88 94 1 39 68 38 52 99 44 8 91 65 71 10
96 47 66 67 49 17 19 82 31 57 74 61 35 90 75 34 37 41 66 85 26 46 79 52 93 97 73 62 12 12
7 32 50 71 97 57 16 27 67 61 36 26 66 88 70 12 82 95 73 84 66 68 76 36 78 22 70 42 34 64
83 71 99 61 46 33 69 36 83 78 33 48 82 81 95 70 33 98 89 49 57 78 26 91 19 44 46 34 27 43
78 29 86 54 91 37 96 1 66 84 57 15 49 15 52 51 23 35 8 9 28 86 73 82 55 44 33 48 70 84
85 68 73 28 70 67 57 45 35 80 100 19 48 77 68 10 90 74 44 59 7 53 58 32 97 89 24 49 79 52
65 12 45 30 84 53 6 60 69 1 29 20 42 26 63 54 31 85 96 31 64 10 61 38 42 7 17 17 42 60
36 25 94 52 26 35 6 51 34 78 52 55 79 49 20 95 43 79 84 72 87 3 99 89 92 98 72 3 31 21
97 51 72 70 29 13 59 2 5 6 18 40 100 25 100 55 31 41 96 67 13 66 16 40 16 85 9 48 45 43
30 56 18 19 60 30 6 63 38 86 97 51 51 72 92 71 63 80 63 23 66 97 74 63 1 85 46 14 43 26
67 10 85 72 54 10 78 16 30 38 92 94 76 51 39 55 32 47 20 6 43 28 88 33 23 74 68 63 86 45
