12 12 30 3
5 7 14
12 18 8
7 10 6
10 16 14
18 10 17
18 15 6
13 9 9
17 11 5
20 11 9
8 8 8
18 6 14
7 11 10
6 16 6
16 14 11
19 8 20
9 9 18
15 8 9
10 12 16
10 19 6
13 9 5
17 10 16
8 17 19
14 5 6
9 12 11
9 19 10
15 5 7
18 12 11
9 10 17
5 7 10
20 10 8
75 292 142 387
75 140 142 141
75 172 91 199
75 152 264 314
74 284 267 394
55 228 226 444
30 116 198 481
25 275 127 228
66 312 167 437
52 276 299 360
29 89 82 209
55 62 198 281
14 92 70 19 28 42 82 73 58 33 92 10
11 83 92 14 29 49 49 7 29 53 97 99
82 91 80 65 8 84 11 28 22 99 42 71
25 95 24 54 53 3 66 3 32 37 26 62
95 82 12 18 66 51 6 60 7 87 58 15
91 76 82 56 15 44 22 26 67 88 45 57
11 45 47 13 76 10 65 53 54 36 39 38
92 59 30 87 82 34 40 22 14 3 55 4
17 82 2 54 18 49 66 98 9 31 49 98
20 90 48 75 69 33 12 15 20 43 33 82
97 29 79 79 25 5 26 55 6 6 80 25
53 80 67 54 100 8 38 94 90 52 58 14
49 85 2 12 74 66 67 66 21 52 100 12
18 96 80 52 29 34 56 85 9 41 77 11
85 20 35 23 33 69 56 96 65 24 53 86
55 41 21 71 98 34 6 84 11 97 88 53
25 98 5 79 63 95 38 28 28 47 68 6
64 44 66 67 49 64 87 31 17 66 47 100
28 15 18 25 28 7 53 35 82 74 9 48
41 79 66 39 87 85 95 48 7 77 77 84
58 56 100 10 61 33 42 62 47 34 44 30
94 87 85 68 35 50 87 59 29 51 66 88
50 8 9 67 17 51 56 53 72 6 97 80
35 63 42 84 36 97 49 24 74 99 91 34
21 36 12 53 57 20 26 13 22 46 68 12
20 35 50 11 70 43 70 67 51 74 71 71
95 41 36 96 50 56 88 7 4 67 16 19
30 18 20 24 6 84 64 30 60 47 75 95
99 13 41 40 20 56 2 53 66 94 65 95
27 44 88 28 31 52 34 60 43 6 50 61
31 49 2 61 47 88 17 33 100 95 4 95
11 46 27 94 81 96 80 92 47 91 70 99
15 39 95 5 23 54 25 88 78 61 77 28
7 51 43 49 41 20 23 84 59 26 55 15
58 5 33 15 45 54 13 70 60 1 38 17
6 35 99 65 13 9 58 2 12 99 7 2
75 150 105 425
75 226 179 376
75 102 120 471
75 309 126 368
74 241 118 230
51 207 293 365
18 231 259 493
22 237 269 303
42 100 151 290
47 225 188 463
22 224 167 356
6 248 165 378
67 15 67 23 30 8 87 15 73 83 8 46 88 23 41 54 13 62 4 64 84 37 25 34 27 20 58 93 92 1
77 53 73 10 80 57 42 14 15 73 97 21 95 89 22 45 23 90 38 86 68 44 91 12 85 27 52 86 63 74
20 82 2 85 77 93 25 93 88 48 2 72 27 59 41 50 95 79 14 95 72 83 41 77 26 81 39 94 34 62
83 24 72 27 34 56 25 6 48 99 67 78 93 90 61 46 45 23 18 43 2 35 57 24 26 60 92 53 49 97
56 28 91 93 38 97 9 33 83 15 38 38 56 10 22 68 71 99 89 3 91 10 23 81 28 13 6 8 32 48
100 10 75 56 40 75 72 22 2 75 98 72 11 21 86 12 90 19 38 5 20 28 6 32 3 76 56 66 43 9
62 68 12 30 70 46 66 11 95 58 74 80 45 36 97 87 57 12 31 15 66 68 11 95 77 88 39 62 46 87
11 66 2 10 92 18 55 57 77 47 18 65 56 26 96 16 40 79 69 92 22 58 74 14 56 49 33 38 44 91
74 6 7 11 43 26 78 19 98 44 39 78 57 61 19 78 86 64 75 90 43 24 24 58 42 3 56 46 36 13
21 4 52 14 42 56 89 36 46 8 18 14 49 77 21 63 61 18 19 14 82 84 76 80 39 52 13 71 89 40
72 49 17 13 85 99 65 36 46 63 58 58 92 85 47 66 22 96 48 36 75 95 33 89 8 22 86 48 41 50
67 14 72 21 2 46 5 6 55 23 100 57 19 91 94 5 21 34 36 61 97 2 71 33 33 46 54 80 47 94
57 20 28 97 34 57 54 59 61 57 68 61 2 86 27 76 90 82 89 35 82 69 35 42 60 27 19 64 89 44
23 24 36 91 3 8 30 15 96 53 46 92 41 51 56 67 100 90 46 6 43 72 23 99 43 45 68 52 12 41
87 29 89 65 22 50 41 79 68 92 13 19 5 42 22 45 59 89 33 71 19 45 58 86 48 82 90 67 94 98
10 53 60 20 71 64 46 1 50 57 82 63 82 40 88 17 96 78 45 10 61 42 34 48 77 84 78 83 64 58
58 9 100 69 27 15 3 15 22 69 79 93 33 18 94 59 7 18 71 23 87 6 29 16 70 4 45 69 81 88
100 9 41 59 67 64 10 9 82 29 4 78 14 33 86 64 61 91 31 23 1 74 9 83 71 81 23 81 39 89
27 11 70 9 14 57 12 89 95 2 77 50 77 14 20 12 69 56 35 38 47 63 12 24 92 14 74 58 66 5
24 18 76 26 85 4 13 73 45 13 57 29 17 92 5 36 29 40 66 68 1 9 15 100 18 34 87 64 36 57
88 4 25 61 68 42 17 99 49 44 71 23 19 100 38 85 91 26 64 93 35 22 15 86 9 26 7 9 45 80
23 26 87 78 12 43 62 28 6 39 3 92 1 89 78 82 43 53 56 13 7 67 97 20 45 10 6 76 61 75
62 57 58 60 45 29 20 19 5 43 71 33 81 66 78 84 19 31 84 85 69 3 48 96 58 67 4 98 79 96
27 48 65 94 9 100 33 27 45 2 15 65 92 59 90 10 94 30 14 79 9 80 91 6 59 85 84 83 62 28
17 2 28 28 6 62 11 48 100 81 21 58 65 52 63 45 39 24 74 82 16 84 74 52 13 44 21 92 4 58
78 86 9 69 25 57 45 36 1 42 49 49 17 75 82 88 96 61 42 57 94 18 12 79 86 34 66 46 76 35
13 48 78 75 91 61 65 57 93 57 96 81 84 74 52 53 85 55 49 51 37 75 87 74 46 65 78 21 94 9
53 31 11 48 67 54 30 24 68 53 35 5 78 42 94 91 66 80 27 75 48 37 54 5 20 5 30 81 45 89
67 22 44 79 9 86 1 94 8 26 62 22 64 58 56 4 78 100 83 90 44 79 95 25 54 42 78 74 37 35
1 54 7 76 85 19 36 94 60 91 45 3 94 4 94 52 67 65 8 81 37 24 99 92 82 87 17 2 44 14
100 91 45 8 40 41 60 87 88 42 43 28 3 64 49 52 42 59 93 48 56 95 42 65 8 96 5 20 14 78
40 59 68 22 79 52 9 45 94 79 76 43 49 91 81 95 72 57 55 7 95 12 87 29 68 98 82 7 87 90
73 52 46 58 75 18 98 67 76 75 50 85 41 1 84 98 87 99 2 54 72 65 78 21 79 57 46 1 68 85
96 25 77 42 96 5 43 52 51 82 22 93 12 32 51 76 98 19 100 15 15 92 15 6 78 55 31 73 43 90
98 85 43 50 95 61 26 100 43 37 4 65 43 64 38 33 2 94 51 65 99 3 28 57 58 30 52 96 11 12
32 21 74 88 39 90 30 46 28 46 95 70 52 46 46 15 91 9 59 64 71 9 3 16 46 32 97 44 13 57
