12 12 30 3
10 20 10
10 7 5
13 6 9
16 19 15
8 8 6
6 12 9
7 12 20
9 8 12
20 11 8
16 11 18
7 13 8
15 13 19
9 8 12
17 8 7
11 13 13
12 5 17
14 16 6
9 19 15
11 17 5
12 17 18
15 16 16
12 16 7
19 5 17
16 6 20
17 19 14
13 6 17
13 8 6
9 15 9
18 11 15
17 9 12
127 146 134 128
127 184 364 222
126 130 289 300
124 232 336 186
90 212 98 470
34 188 266 470
37 280 327 353
39 250 114 190
86 269 100 437
100 322 215 132
88 142 291 121
78 303 314 172
86 92 97 76 100 63 13 33 79 22 43 3
77 24 35 89 37 28 85 12 34 65 35 75
18 94 22 50 96 9 69 100 39 43 56 24
71 21 17 32 20 17 43 76 77 27 53 24
18 40 28 79 34 70 14 23 61 84 15 35
92 49 98 25 28 47 97 45 19 2 31 37
100 48 89 11 42 48 44 53 87 92 1 4
94 88 93 35 21 24 55 93 2 20 39 77
37 59 71 47 44 99 22 31 83 24 47 81
17 1 100 19 4 6 77 71 64 50 80 20
38 25 48 13 13 32 12 53 72 13 24 61
92 33 33 24 45 12 29 33 17 97 71 21
10 8 23 15 75 45 82 50 49 95 100 34
82 60 89 53 7 88 97 78 19 17 43 92
88 93 70 94 71 72 99 69 55 48 8 28
6 46 99 81 2 59 77 74 7 64 49 55
36 73 38 60 80 44 16 58 81 8 6 94
68 27 52 88 29 72 28 51 47 53 31 72
93 67 82 34 66 78 92 11 71 22 60 90
8 25 25 73 87 94 32 79 89 19 79 52
69 42 65 52 77 97 25 61 90 30 4 88
86 82 47 86 97 86 57 68 99 84 51 47
11 27 32 70 47 68 59 70 32 19 40 67
26 96 41 3 2 41 43 66 66 24 18 45
43 60 35 88 11 29 4 18 49 3 66 65
55 94 20 39 49 30 81 5 9 94 54 2
7 56 58 26 2 24 64 74 41 97 6 63
15 3 4 35 97 12 1 15 76 18 32 15
3 33 82 55 51 55 14 53 50 100 62 57
96 57 21 46 60 33 43 16 12 84 41 15
99 45 2 72 66 58 47 18 69 50 33 1
36 7 91 3 56 14 30 39 90 29 79 87
7 46 23 13 7 91 30 47 93 98 97 71
16 100 82 21 46 3 35 88 21 11 74 11
42 48 53 89 56 80 96 8 45 46 26 7
86 59 56 36 77 90 21 24 33 99 8 52
127 326 312 299
127 159 145 241
126 279 295 474
66 142 208 177
25 179 281 414
20 310 145 405
84 219 261 125
51 291 265 197
97 163 199 237
43 238 197 220
95 328 275 303
89 263 304 278
3 91 33 92 13 90 35 21 82 74 40 31 73 54 45 39 36 30 55 4 64 27 94 57 39 13 54 48 38 8
92 43 24 61 42 56 9 76 26 49 54 54 14 90 100 41 100 27 28 84 93 74 55 32 58 41 77 5 79 77
69 72 72 51 36 65 37 41 45 9 23 5 77 57 95 94 23 43 49 46 65 38 35 92 85 9 44 96 84 46
53 10 72 47 77 12 86 31 15 38 45 23 31 93 98 72 38 93 60 83 81 79 35 71 4 83 1 3 50 92
80 69 42 79 84 100 43 69 51 45 22 38 58 2 16 21 82 77 90 11 28 85 69 99 70 98 40 90 20 20
49 35 25 14 41 56 38 100 95 45 9 68 84 97 25 56 41 91 97 36 87 25 23 16 84 62 27 14 17 100
59 54 90 92 87 90 63 90 90 50 31 75 6 58 31 26 55 1 81 39 93 59 93 4 67 32 30 42 48 75
36 5 27 83 25 8 90 26 44 85 10 86 61 59 70 26 24 57 66 61 76 74 71 59 93 47 70 40 10 57
16 91 98 10 78 78 42 83 9 99 88 11 62 12 25 11 52 75 28 56 100 78 79 17 83 88 39 55 53 56
33 81 59 59 87 75 76 28 11 3 97 93 87 23 95 96 99 1 61 92 73 97 93 60 99 6 64 94 14 19
4 51 83 33 70 79 18 80 83 17 10 96 90 2 44 58 21 64 8 22 44 20 5 47 11 4 82 73 15 49
31 89 34 95 5 11 9 73 11 86 40 17 92 45 23 87 67 87 30 7 9 91 66 19 33 14 83 65 78 52
69 70 76 3 95 17 24 11 37 97 72 22 16 19 96 39 94 76 63 92 14 76 37 33 64 96 89 22 47 75
87 83 71 88 70 4 79 5 49 78 28 15 14 49 68 76 5 1 81 78 13 68 22 66 92 26 41 47 86 79
44 17 75 67 65 76 21 26 99 33 78 30 4 100 90 24 93 18 12 81 25 72 79 75 43 2 13 100 5 80
41 45 55 9 28 13 32 40 29 58 23 25 47 17 44 100 29 19 29 93 7 95 60 49 78 44 53 34 14 64
18 85 47 17 96 34 84 40 46 9 92 37 74 60 99 47 19 5 76 60 91 45 43 30 92 9 16 26 40 5
98 53 100 91 25 63 48 26 27 82 87 74 64 33 6 26 67 10 49 24 4 36 100 1 73 30 16 88 54 40
55 59 50 15 71 37 80 76 72 73 40 65 93 92 13 97 5 78 73 53 82 16 62 84 13 14 29 86 63 87
99 70 65 20 31 87 57 50 34 4 63 10 88 87 87 61 30 73 51 19 25 55 35 11 27 30 6 21 39 12
29 11 92 34 68 48 44 76 1 31 78 85 29 49 23 58 42 44 81 37 59 54 33 97 89 6 75 16 24 4
98 45 24 64 46 47 43 35 33 31 62 51 85 78 62 17 21 54 28 1 98 97 78 73 44 67 47 62 26 64
17 24 100 98 71 66 68 53 66 8 97 53 22 57 99 95 62 85 17 88 31 63 36 36 3 60 99 38 69 47
88 57 37 51 89 40 79 48 63 43 38 56 77 5 66 16 13 52 44 58 69 53 5 78 31 29 31 18 24 78
29 98 60 23 12 24 37 73 25 77 100 83 82 90 81 73 18 60 8 54 66 37 88 2 17 28 11 11 96 73
12 60 28 17 99 46 41 27 59 63 41 51 73 18 64 3 19 15 5 26 80 26 55 69 94 2 11 67 74 68
80 88 68 58 11 22 61 98 13 39 5 84 76 19 51 23 78 17 99 51 89 27 11 15 59 3 52 46 3 17
82 79 68 77 39 30 48 31 68 85 51 85 88 98 88 69 19 21 28 75 4 80 75 99 70 11 64 9 2 47
41 42 38 14 63 1 6 64 52 20 69 92 57 96 8 19 18 9 84 99 43 17 98 78 50 95 32 44 69 3
67 27 98 72 67 49 65 20 64 28 65 73 9 26 72 53 55 100 80 83 98 5 45 3 85 40 36 14 25 11
72 32 18 33 62 3 6 39 39 43 19 68 61 67 100 66 71 19 17 16 84 16 93 2 87 43 37 14 83 58
20 64 54 42 77 75 69 64 98 98 17 37 12 92 78 91 84 69 34 41 2 52 13 51 46 63 57 82 98 37
1 4 68 46 55 5 56 71 74 20 91 67 88 27 37 96 42 26 74 86 28 76 26 55 63 34 77 31 85 10
42 22 71 58 93 38 71 8 46 91 4 65 84 32 100 84 60 19 36 84 54 49 90 22 28 76 41 19 74 38
2 24 75 4 1 55 48 36 43 62 40 18 25 93 11 17 47 37 19 72 26 31 9 20 64 64 84 52 53 96
77 13 29 36 68 53 36 34 33 57 45 59 46 32 72 48 74 3 49 100 5 2 83 2 89 99 90 37 42 10
