12 12 30 3
17 19 11
18 16 11
18 12 10
18 16 16
15 10 10
19 19 12
19 9 12
13 15 20
12 5 6
9 12 14
7 17 18
8 20 18
20 14 14
14 20 18
11 8 18
10 20 8
6 14 19
5 15 7
10 16 18
16 8 6
9 15 15
15 6 11
12 16 16
20 12 6
5 13 12
12 17 17
9 6 20
20 13 7
20 13 20
5 14 6
391 381 365 446
30 292 261 487
34 399 266 192
339 369 299 473
55 211 371 473
346 295 285 385
289 251 379 152
320 293 377 330
390 232 263 215
26 281 212 310
262 311 366 394
330 302 374 380
40 53 98 15 6 13 58 69 71 91 65 28
66 45 25 65 1 22 16 59 32 82 57 30
95 41 57 27 1 25 37 58 58 50 46 65
7 42 41 47 62 68 68 2 89 27 34 56
29 91 34 48 80 67 85 26 28 3 12 67
43 7 79 32 27 4 98 9 34 41 10 4
53 84 43 32 79 92 92 71 60 61 39 26
61 53 10 4 72 7 62 90 74 10 74 76
46 43 23 44 68 8 30 87 9 51 56 84
75 59 1 86 44 70 72 5 42 80 72 89
66 60 20 6 66 11 4 44 28 19 28 13
91 36 76 57 80 53 32 1 33 61 88 44
54 87 65 53 20 28 71 89 81 38 11 58
1 82 10 41 67 29 27 34 98 55 10 14
45 67 26 45 77 68 91 73 56 59 70 30
37 76 72 20 71 21 54 35 91 74 9 91
19 27 74 17 6 31 4 55 9 8 27 13
36 25 11 78 35 89 30 82 24 23 80 23
1 51 19 94 37 35 43 80 25 8 32 89
2 19 71 15 6 29 16 94 72 36 28 100
20 83 83 58 73 99 33 39 97 73 99 85
55 18 76 11 96 43 11 86 84 28 16 51
38 64 13 11 52 7 75 71 1 59 95 32
33 50 30 11 81 42 6 50 39 59 21 24
48 23 23 16 8 20 26 5 12 61 78 3
52 73 1 89 7 84 42 32 6 54 8 28
85 74 37 73 10 94 39 70 91 53 1 16
37 91 74 23 6 33 10 55 49 47 53 34
12 76 25 8 95 87 98 52 92 56 52 55
96 20 19 43 77 91 12 53 88 77 61 26
37 81 60 5 80 60 3 79 30 29 53 51
93 91 79 29 4 32 45 3 55 17 46 65
4 2 46 17 58 35 31 4 36 75 96 94
97 35 5 37 79 74 47 54 46 87 98 56
58 25 73 47 18 7 41 34 82 59 52 74
71 38 47 51 67 29 4 84 46 95 25 90
391 304 203 183
278 388 288 278
304 381 351 474
248 322 251 252
253 354 222 238
41 206 360 116
253 211 297 258
349 314 336 154
100 237 275 212
309 254 249 370
246 394 388 432
349 258 289 229
99 76 92 55 32 63 62 80 53 57 75 30 34 67 42 100 9 84 18 81 38 44 41 42 20 34 65 4 96 4
93 41 64 83 68 54 86 89 22 96 41 14 33 24 20 68 68 32 60 20 59 85 11 42 54 73 55 26 4 50
96 68 25 31 6 75 94 78 63 29 62 14 83 52 34 12 21 73 36 17 42 51 17 15 46 19 13 10 70 78
15 54 62 87 36 36 78 25 8 9 69 32 31 44 51 26 22 17 7 96 15 65 10 1 88 26 75 28 97 68
53 17 89 29 49 39 65 59 54 15 35 34 60 50 89 33 22 54 83 2 66 70 79 8 91 73 85 85 26 20
50 74 5 57 61 41 95 6 53 52 1 56 29 31 4 58 64 21 59 30 84 3 92 28 60 1 40 75 62 7
9 82 78 26 98 37 69 27 43 45 32 95 57 87 45 21 39 8 3 71 81 12 82 60 37 17 13 70 17 40
65 11 44 61 95 42 15 84 13 11 45 45 46 66 28 6 39 12 72 20 56 34 12 55 31 32 61 67 26 51
28 85 99 95 78 76 68 37 74 99 42 47 61 51 10 93 5 12 43 32 52 43 15 63 21 31 24 18 86 31
93 37 48 8 4 84 67 48 10 100 54 1 74 8 84 16 63 72 26 30 21 89 44 87 81 61 60 24 95 98
81 2 35 42 60 40 41 38 16 7 48 56 61 47 35 58 42 100 71 94 97 44 84 82 55 42 41 73 80 52
44 16 1 59 68 90 73 10 78 31 53 32 81 61 64 25 31 10 57 51 6 47 76 30 72 92 22 75 5 43
29 83 54 69 61 9 43 89 29 14 95 90 78 28 81 72 53 43 33 58 20 80 88 32 99 20 82 17 89 50
8 52 77 21 19 15 93 9 55 49 91 92 61 84 16 95 99 68 4 65 1 53 20 50 41 46 64 67 65 77
99 27 14 14 42 84 37 76 62 39 64 50 47 7 64 22 94 38 39 2 98 79 71 44 98 47 67 86 32 48
88 51 64 12 59 32 68 20 41 36 82 65 12 33 68 86 14 40 22 8 67 62 19 24 40 49 79 26 15 98
47 50 88 32 57 22 86 22 7 36 69 34 65 75 58 26 56 33 23 28 76 74 61 66 89 97 80 27 42 38
93 31 9 60 55 53 50 54 15 19 8 68 46 62 28 45 43 82 8 7 56 11 61 90 52 79 18 64 19 42
93 54 44 59 54 83 72 50 94 59 33 97 59 100 54 34 7 9 16 39 14 62 47 76 100 26 49 46 14 71
98 31 91 10 84 91 51 28 48 48 92 14 60 56 66 66 58 95 19 60 70 94 27 93 6 2 45 43 37 31
96 44 11 7 77 4 63 50 2 43 42 98 96 41 33 67 2 2 66 22 76 10 67 18 36 53 77 13 40 23
15 2 11 69 49 27 54 5 51 60 46 14 63 45 55 63 54 69 11 32 77 79 21 39 70 82 2 36 68 16
82 29 77 55 98 61 76 94 9 44 87 99 33 14 10 84 39 92 72 47 63 28 21 73 37 61 82 69 10 83
3 89 31 17 76 84 79 3 60 14 27 73 6 100 47 47 45 8 67 89 80 99 5 28 75 97 11 70 36 62
23 27 51 30 43 62 2 3 30 20 36 11 69 28 8 91 62 82 54 64 79 33 24 85 34 17 15 28 55 1
37 5 43 47 72 7 55 58 1 69 12 100 5 9 48 72 32 63 55 50 11 78 100 94 4 12 23 29 52 77
90 26 86 78 10 71 60 19 35 16 88 92 18 45 91 57 5 8 56 88 25 26 23 29 62 47 68 49 29 95
55 35 42 37 87 24 68 59 62 96 100 78 34 88 45 7 90 36 61 59 26 58 56 29 2 83 72 47 61 91
21 14 4 13 3 89 10 95 64 29 86 40 35 16 38 28 53 61 27 79 79 47 92 87 49 1 68 76 26 56
6 63 84 33 29 62 46 38 25 34 25 7 41 21 30 68 13 36 29 16 88 100 27 58 15 44 37 58 31 42
14 79 14 30 33 80 71 79 65 62 59 97 58 60 45 55 88 75 25 59 55 59 4 74 66 39 53 63 30 80
72 8 73 86 87 97 63 58 20 86 10 27 44 68 14 55 82 87 21 65 74 11 66 20 99 94 36 68 98 8
40 72 10 46 19 9 2 84 45 12 39 41 11 95 59 51 69 10 27 37 96 67 88 93 28 68 54 17 14 89
54 37 53 62 59 45 66 70 94 91 52 20 78 61 2 3 71 19 39 43 10 5 2 61 42 18 46 88 7 61
4 9 1 73 6 81 46 67 5 33 2 26 51 33 51 25 37 14 68 84 72 85 75 57 26 2 87 84 38 87
18 93 35 75 4 3 51 51 73 91 26 97 17 52 36 59 9 53 60 66 50 35 100 92 2 69 50 37 23 89
