12 12 30 3
14 18 18
10 16 16
8 19 18
16 7 9
20 19 18
7 8 8
16 11 15
18 18 8
16 6 11
20 8 13
6 15 6
6 14 8
5 7 5
10 5 8
7 14 16
11 19 15
8 16 5
16 5 12
13 11 11
5 6 20
11 16 20
16 17 18
9 13 19
7 5 5
12 8 19
15 11 11
5 17 12
8 14 12
19 16 19
11 7 10
344 211 346 129
134 220 272 122
189 343 379 331
314 277 296 242
145 302 384 355
166 297 214 305
211 239 379 354
284 266 298 471
65 210 365 392
208 233 368 363
255 190 364 144
109 199 266 413
67 27 31 9 32 90 69 29 39 17 35 60
75 49 69 55 86 65 14 29 26 34 81 13
44 88 62 90 97 52 10 33 15 17 9 59
56 3 90 88 45 28 90 73 57 31 70 53
1 58 58 95 28 62 77 21 14 36 38 71
61 32 91 82 60 72 28 53 29 22 65 6
36 15 96 39 37 35 18 17 56 74 86 88
73 60 54 41 69 88 1 27 22 12 85 64
7 4 18 86 30 81 51 9 95 69 18 47
14 9 92 51 5 44 93 57 5 25 67 11
26 14 78 55 66 88 17 94 80 16 1 10
35 17 19 35 67 48 77 65 71 34 77 5
53 48 56 33 92 50 9 84 24 92 78 2
80 60 53 58 24 90 77 30 22 62 72 68
71 71 87 5 49 83 6 55 85 76 76 26
37 80 29 58 98 31 88 35 77 47 82 50
67 68 50 47 11 91 40 72 89 95 97 55
97 13 33 80 1 32 49 91 65 45 99 25
44 69 89 94 45 12 2 99 76 85 86 62
10 23 52 98 45 21 57 56 18 39 93 35
47 98 36 36 67 80 5 38 48 12 48 87
28 54 28 19 35 2 50 94 36 4 69 82
74 85 31 57 37 36 15 75 5 64 82 63
76 93 69 74 41 54 80 64 62 66 63 63
53 19 79 12 15 12 38 19 45 65 38 41
35 60 38 84 10 33 13 92 55 72 57 22
30 44 97 56 39 54 31 60 26 72 95 58
31 9 83 50 22 81 36 26 97 98 69 71
87 79 7 31 50 16 9 79 96 31 86 47
95 55 74 77 35 54 17 58 9 54 65 79
54 20 69 80 47 31 61 42 49 62 89 3
88 88 62 28 12 91 43 24 55 7 54 20
22 96 46 42 24 17 72 47 32 78 28 12
27 32 76 3 36 28 7 31 66 51 76 68
84 60 22 23 28 2 56 59 86 93 24 31
78 58 21 40 50 15 4 73 54 75 14 39
344 326 291 263
82 256 271 282
38 330 265 492
139 338 200 327
1 253 381 125
94 346 322 301
306 235 377 136
157 265 323 240
219 323 385 469
314 194 271 145
336 361 314 396
258 189 379 341
26 71 11 55 76 30 26 55 59 70 67 68 88 35 76 31 52 77 22 24 78 82 69 24 20 51 93 56 99 21
80 67 32 65 76 32 7 65 78 26 91 53 82 80 9 16 31 67 5 88 21 45 97 57 2 7 48 70 14 10
47 22 5 97 23 33 15 48 56 61 21 42 99 9 30 8 53 76 81 59 75 38 66 29 15 36 7 23 81 46
27 11 90 84 67 27 14 81 10 87 26 20 21 84 8 47 74 89 74 80 100 91 6 39 21 44 68 32 59 42
44 40 69 89 100 48 2 46 74 80 55 98 26 78 66 56 59 13 81 83 71 7 21 31 70 65 32 81 57 21
52 55 17 88 59 24 80 71 76 26 59 50 67 19 31 84 36 97 11 82 47 9 28 79 61 83 56 52 79 96
14 91 56 70 72 29 73 25 45 6 67 72 35 67 3 13 98 34 85 83 69 37 15 82 16 65 2 50 37 93
30 8 82 29 53 57 12 82 73 53 22 59 60 39 62 49 52 61 42 10 7 48 11 8 92 29 47 54 77 38
87 55 3 61 72 22 82 81 48 83 92 56 60 9 25 25 94 18 45 69 27 30 30 25 7 86 35 47 33 64
86 30 74 78 71 46 3 49 20 85 87 21 63 89 64 72 72 51 44 34 7 36 71 61 2 94 39 90 32 81
27 77 18 18 54 22 93 56 92 26 32 87 67 14 32 12 26 90 65 94 77 14 62 40 14 37 93 32 68 73
34 37 23 5 16 100 12 1 65 26 76 41 31 96 63 42 3 41 26 32 13 56 3 69 61 6 95 74 68 49
33 83 48 94 27 56 50 49 26 35 17 61 84 59 64 94 59 83 5 100 86 60 8 51 85 35 56 10 9 4
91 22 12 21 23 9 96 63 39 30 30 26 58 41 13 22 93 53 69 89 7 42 78 2 88 18 45 12 74 87
26 48 93 17 26 49 2 70 11 91 29 49 53 68 8 53 25 88 37 17 1 8 96 21 18 53 48 29 14 77
89 80 73 31 60 73 47 87 77 20 63 94 96 49 25 93 76 19 70 47 40 11 94 30 36 43 15 99 7 95
82 44 93 68 79 17 52 74 48 61 67 16 74 1 15 34 34 82 65 67 60 58 50 10 22 3 74 77 16 82
59 94 67 25 27 20 40 56 23 91 65 34 7 91 80 63 98 82 41 46 41 54 81 93 32 1 29 88 37 12
34 18 72 90 26 38 49 67 58 23 82 59 41 71 31 18 68 60 66 52 45 15 99 40 21 87 52 3 86 35
72 33 90 80 63 78 4 13 18 83 72 58 58 85 65 51 61 90 42 27 31 83 75 36 23 8 100 43 88 83
69 35 3 40 4 79 57 25 82 49 64 38 31 15 58 22 69 96 87 12 80 16 81 69 18 89 63 30 94 2
38 36 17 4 81 68 58 49 93 71 38 67 68 55 11 48 8 32 86 19 80 14 65 87 24 81 80 25 94 81
44 76 73 81 33 90 42 27 26 7 66 24 84 86 59 44 90 94 50 47 50 55 32 41 31 75 23 42 57 85
69 79 32 39 56 78 54 62 56 91 84 37 65 15 87 85 46 26 60 75 23 70 81 15 14 51 24 45 72 71
70 50 66 85 9 52 98 14 21 98 74 1 86 32 41 3 83 25 60 91 88 54 33 49 21 55 16 47 72 58
45 55 37 52 95 53 69 70 34 15 37 75 76 70 66 31 58 91 4 17 85 75 62 35 53 43 36 3 26 94
54 23 22 47 76 92 16 66 13 8 33 78 89 59 87 10 78 40 71 59 46 33 36 80 49 36 90 36 24 32
92 64 9 2 70 21 76 49 9 63 6 98 10 43 75 50 84 87 85 87 43 58 21 1 76 23 1 13 59 87
30 13 45 66 41 81 74 51 56 68 42 49 58 95 5 83 7 39 82 28 65 46 66 30 24 34 72 33 57 9
4 21 79 94 47 82 91 74 97 4 77 81 99 69 16 62 83 4 11 65 11 37 42 13 71 44 52 81 95 33
47 53 60 53 27 91 67 30 16 1 75 55 27 17 85 82 94 24 82 7 83 50 62 21 14 87 30 11 7 57
51 68 94 45 42 45 77 39 3 3 5 77 59 44 61 52 25 24 62 64 66 5 26 33 96 61 70 82 63 19
42 59 78 1 28 30 86 3 76 38 91 54 29 28 59 6 39 43 47 75 62 6 3 70 13 3 14 94 90 76
14 66 82 51 70 91 88 93 54 40 91 33 16 65 11 28 44 29 81 61 45 24 16 6 82 3 94 65 78 35
76 64 64 48 64 46 55 46 97 71 11 30 97 51 69 26 68 49 65 60 25 76 19 77 70 42 52 45 74 30
84 53 88 48 2 61 88 32 64 70 18 2 7 69 57 14 33 86 68 2 18 89 87 47 77 78 26 4 11 83
