14 14 30 3
14 10 16
13 15 20
15 15 17
10 7 17
10 17 15
11 11 5
10 17 10
16 19 7
7 20 17
12 13 7
6 16 5
10 9 19
14 9 7
13 5 17
5 16 18
12 19 9
15 11 5
13 6 16
9 12 20
19 8 19
6 13 17
7 11 17
15 7 13
13 12 19
14 14 5
19 7 9
8 9 14
5 6 9
17 11 6
11 20 8
70 167 369 307
70 356 187 237
70 74 135 224
69 110 71 268
69 350 271 157
19 331 265 311
32 98 129 394
12 222 237 364
3 106 319 201
38 277 283 312
31 222 95 250
30 266 363 224
11 157 75 102
23 186 365 208
69 35 44 67 42 43 1 51 1 53 28 32 48 70
18 9 87 52 33 16 72 45 16 52 90 59 68 54
2 73 12 95 81 76 70 29 47 45 60 6 61 73
61 95 24 29 64 98 53 99 87 15 57 48 66 22
3 65 29 61 25 22 12 39 47 11 93 45 84 92
88 6 4 78 39 65 89 63 77 33 48 61 50 21
38 22 32 35 41 85 93 66 85 79 39 39 39 67
37 72 25 15 37 25 27 92 48 86 54 64 85 30
72 38 31 97 88 46 11 55 96 83 8 28 34 61
50 86 36 75 77 62 70 38 5 67 36 67 2 9
78 11 59 3 42 69 43 88 67 43 83 44 1 11
11 72 24 51 52 9 29 83 61 44 86 62 24 67
94 18 98 70 56 62 17 67 99 32 26 7 85 79
92 44 20 43 14 28 78 90 41 5 38 19 98 94
15 56 64 18 91 70 44 22 54 30 68 95 55 17
81 78 17 56 22 78 20 84 88 73 63 29 55 81
22 61 46 23 76 77 27 37 24 87 77 79 19 36
83 66 99 38 2 87 31 28 81 22 65 8 8 57
72 37 61 81 86 56 44 85 20 76 95 69 49 75
66 48 29 57 22 5 29 61 34 89 47 8 4 56
56 26 20 27 97 21 32 63 23 70 81 17 20 32
72 6 84 41 99 74 98 87 12 89 79 56 12 77
65 91 46 52 96 89 85 48 36 64 83 60 39 81
8 14 10 8 15 13 88 91 8 72 11 9 4 26
58 66 33 44 49 44 58 98 86 12 47 77 55 75
24 56 96 55 74 70 45 61 70 100 80 2 99 92
54 55 73 81 13 41 8 62 29 48 8 37 41 98
83 16 48 40 66 89 21 57 39 96 73 13 100 70
78 88 16 32 51 75 70 85 66 39 51 71 18 20
93 12 88 70 10 22 29 77 48 16 81 59 14 68
97 57 75 56 24 4 50 70 49 71 61 42 47 23
80 4 58 62 51 81 89 51 58 62 91 81 54 28
21 35 18 57 14 32 4 20 27 83 32 3 89 90
17 24 1 15 66 94 18 75 24 90 43 41 97 42
27 71 10 50 4 33 39 41 27 47 29 36 68 35
73 96 76 65 17 58 99 43 23 6 80 7 81 88
52 9 36 84 17 65 10 90 1 87 21 14 90 52
46 95 10 18 51 85 25 87 90 47 34 71 57 63
90 77 22 46 45 98 98 45 79 71 54 13 80 11
53 95 21 62 85 56 5 72 46 85 14 62 93 53
6 43 57 86 77 98 4 15 17 49 80 83 79 65
10 2 89 42 57 40 100 83 6 82 49 2 21 53
70 289 278 134
70 218 109 210
70 289 137 461
69 109 307 210
69 190 337 289
6 118 115 261
57 71 312 183
51 75 241 363
61 172 369 283
33 77 335 438
11 96 349 487
17 345 276 434
1 70 195 438
9 121 284 166
27 46 92 24 37 92 81 90 59 28 80 89 85 94 62 68 69 100 47 31 91 58 87 40 60 99 37 93 31 28
65 71 32 78 60 49 100 77 76 65 17 44 75 41 59 63 84 18 27 86 79 50 45 89 14 62 3 73 49 99
9 24 11 60 32 64 22 34 36 71 88 64 18 79 19 22 92 34 58 36 88 47 83 73 62 64 28 52 79 18
81 17 8 61 90 4 45 65 70 7 51 29 27 83 13 47 90 19 60 8 29 24 16 73 20 68 40 57 21 21
41 6 51 33 61 3 36 67 28 98 13 67 93 47 6 76 37 83 54 50 84 4 94 18 32 84 46 67 51 23
92 59 32 10 27 39 40 30 31 45 86 8 15 48 81 35 10 82 28 96 89 21 9 25 42 6 84 33 70 35
69 16 57 88 93 75 4 29 32 62 74 51 77 37 57 11 98 82 93 29 60 87 80 6 55 67 64 87 83 10
70 94 74 1 76 65 43 64 16 4 71 62 90 44 58 70 40 45 77 71 65 69 19 84 29 39 33 89 66 25
76 35 93 77 12 27 87 98 91 41 69 61 60 3 21 97 1 18 18 84 7 54 18 95 20 25 69 14 52 62
5 52 23 40 95 46 9 69 60 56 67 72 91 1 73 46 64 19 8 40 73 93 9 43 18 80 85 44 21 9
92 35 36 68 9 50 46 66 2 79 100 50 7 73 100 68 59 69 47 9 58 96 29 98 60 86 96 50 42 74
55 43 33 28 45 26 48 49 73 61 1 54 9 71 53 26 74 83 88 10 45 19 8 51 41 26 65 23 8 50
47 14 80 16 14 49 62 82 32 20 24 46 11 74 1 62 80 55 98 96 67 55 74 98 26 37 46 25 69 62
74 10 50 18 73 32 42 28 36 86 21 94 17 1 21 90 52 5 47 80 40 93 92 48 3 100 5 21 55 3
23 56 47 32 45 6 37 67 76 36 4 35 48 14 16 13 85 26 9 73 26 16 31 43 22 54 30 86 52 100
71 10 52 51 92 36 48 8 27 92 98 90 41 90 25 58 79 18 100 51 58 13 3 92 2 71 59 96 68 8
38 47 68 23 64 80 89 34 98 24 94 25 75 40 59 79 90 45 26 100 2 64 88 75 83 2 73 77 68 96
7 68 54 14 99 48 68 55 53 83 11 5 30 48 69 42 32 52 68 79 56 52 39 98 96 5 36 53 78 20
58 64 42 1 65 8 57 42 60 49 39 68 57 20 54 48 68 7 48 71 38 78 37 47 98 29 62 41 14 12
99 24 76 69 37 94 70 32 78 90 65 38 62 90 42 97 48 57 44 80 26 54 88 12 31 33 97 39 49 4
48 27 48 4 64 46 8 98 34 76 42 55 54 96 92 59 77 85 6 92 16 36 66 15 36 60 55 38 54 66
48 87 30 14 30 42 27 29 55 91 12 51 84 66 30 98 91 7 69 32 81 86 96 45 84 69 30 23 74 27
59 17 52 93 83 46 4 55 35 98 21 32 86 37 39 21 79 21 20 63 85 84 26 9 95 41 87 13 26 53
71 13 7 6 52 30 64 72 41 11 58 83 30 28 93 56 77 11 67 25 32 3 8 51 86 18 8 10 83 66
67 4 85 41 88 19 57 17 2 68 21 83 18 38 59 54 48 59 27 84 55 43 52 53 53 31 68 30 29 100
27 28 38 75 24 86 47 44 4 66 1 43 67 50 67 61 47 14 11 64 6 53 5 83 38 98 45 15 3 68
90 61 16 87 84 59 10 1 80 97 89 38 58 68 19 19 33 98 75 91 38 45 59 64 67 52 95 1 61 1
67 75 98 96 92 11 92 34 41 97 21 46 35 2 77 54 2 42 96 17 41 48 9 61 95 71 62 97 11 34
51 80 6 1 49 71 41 27 41 42 31 2 31 39 97 7 19 77 64 53 24 65 49 6 32 22 41 12 28 8
8 46 60 48 60 11 60 2 27 73 69 65 87 89 17 92 50 42 79 50 48 69 39 6 74 61 79 50 20 75
97 19 5 44 49 67 97 80 19 53 1 22 92 56 83 15 78 15 21 89 60 96 11 81 40 70 45 67 18 67
89 43 54 60 86 80 99 89 19 51 23 81 99 82 63 23 90 30 42 19 22 20 3 91 90 56 87 69 23 43
54 24 71 82 87 98 19 21 5 48 22 32 86 12 49 12 96 82 23 61 28 8 52 22 61 13 94 57 44 2
11 87 28 65 8 76 82 14 81 82 64 66 24 27 76 11 82 19 17 97 19 7 91 44 19 18 20 89 75 92
25 36 94 84 92 5 75 77 79 93 4 56 74 28 85 26 86 42 24 94 40 19 96 98 95 27 8 84 67 38
19 18 25 59 48 98 33 71 20 100 49 81 1 80 72 74 93 48 4 18 25 25 9 78 14 52 76 19 24 32
56 50 24 71 82 6 5 50 44 55 29 51 88 73 21 23 91 71 41 73 38 5 87 81 70 18 3 58 93 28
44 98 59 54 91 10 12 8 35 31 37 97 35 50 55 35 30 60 27 99 60 40 24 86 66 47 98 46 75 39
93 88 59 89 24 66 16 96 61 40 78 92 8 82 98 57 47 70 97 72 87 99 98 61 70 12 79 80 61 58
42 85 11 57 24 65 55 39 67 43 39 82 23 26 86 40 75 50 7 85 80 83 8 47 12 95 56 40 43 49
19 27 60 25 55 84 36 28 34 7 84 1 3 15 50 84 68 100 41 58 21 4 18 66 64 8 33 66 33 15
56 9 4 57 10 64 31 55 28 26 47 39 67 28 81 73 72 13 49 49 2 28 37 1 19 74 87 35 77 74
