14 14 30 3
13 13 10
18 16 5
7 14 6
6 12 14
11 5 14
14 19 13
11 14 18
12 10 10
10 20 7
17 20 10
16 10 7
14 17 16
7 16 14
13 5 7
18 18 10
6 6 17
9 16 5
10 16 17
10 13 18
13 8 16
20 12 15
9 17 6
5 11 12
13 17 6
8 20 6
18 9 18
7 14 17
13 7 19
13 14 20
13 6 6
51 91 341 297
51 285 124 185
51 94 248 278
50 259 306 189
50 185 100 353
50 372 150 348
50 171 100 217
25 341 213 414
35 121 275 110
12 68 168 352
46 263 106 110
21 224 84 404
16 181 346 101
26 174 56 261
53 36 80 36 100 21 5 98 89 80 11 13 91 53
91 39 34 81 22 4 41 22 29 38 35 35 37 64
83 78 21 37 13 50 22 18 53 62 44 32 23 86
32 23 17 58 3 71 37 92 99 62 56 63 25 96
57 11 62 83 8 35 33 51 47 38 21 40 91 56
78 99 85 8 66 69 75 2 91 98 9 65 89 89
34 36 48 17 51 19 90 26 10 15 43 49 53 78
32 30 45 34 53 82 45 76 22 57 55 79 23 15
23 82 74 9 29 18 89 72 38 20 56 66 63 68
76 97 25 76 9 80 44 40 30 14 78 13 58 4
58 68 66 13 47 33 29 95 99 99 44 68 10 93
14 29 27 28 70 43 39 10 20 38 16 13 91 30
2 66 50 53 83 97 90 9 87 1 2 64 75 41
7 15 53 24 87 20 17 67 95 31 61 27 6 58
89 84 39 37 72 38 55 40 23 18 94 45 43 21
78 44 59 24 49 54 47 67 59 80 57 12 93 73
89 89 48 68 63 42 53 3 31 67 46 69 37 77
66 26 50 51 43 24 2 20 90 26 50 22 26 56
3 32 6 99 1 5 75 95 48 45 51 69 14 67
83 21 89 72 31 14 33 64 73 74 92 70 26 48
53 96 18 70 69 83 80 16 21 81 62 92 16 77
84 72 59 44 58 49 33 65 74 74 23 52 99 33
14 19 72 20 45 64 1 22 19 92 71 42 98 12
57 61 68 19 80 24 47 99 28 18 40 24 37 55
13 53 100 85 56 85 70 52 83 17 85 20 20 19
5 7 21 18 55 74 83 88 3 39 81 61 3 84
54 19 37 44 49 48 65 11 73 61 64 15 86 91
49 13 43 14 1 60 47 57 65 7 85 72 10 12
49 25 12 92 27 62 80 87 53 56 92 100 54 5
89 91 26 47 83 83 71 76 86 75 72 99 44 10
72 57 58 28 20 39 32 52 41 37 22 11 24 50
69 74 41 79 38 99 38 65 68 94 9 100 38 31
87 25 16 57 62 44 73 48 79 36 25 47 5 63
4 21 26 2 43 15 89 78 58 44 13 53 23 82
73 82 16 95 63 98 70 77 6 10 52 10 82 36
49 95 16 83 72 93 58 67 59 46 14 28 71 36
35 76 65 71 68 17 10 47 17 46 9 58 23 35
10 14 18 58 44 64 26 70 28 70 13 86 69 84
92 46 29 20 49 40 26 99 16 4 100 71 12 6
19 65 84 73 69 27 15 37 85 52 10 37 31 11
76 97 44 43 21 6 32 23 5 24 91 89 93 58
50 8 43 51 26 60 14 48 5 43 13 57 86 61
51 348 198 434
51 241 198 382
51 238 69 246
50 305 278 240
50 217 74 190
50 104 276 177
50 63 289 358
18 159 85 299
35 233 198 244
40 294 49 292
50 261 218 211
8 221 219 449
5 380 339 437
31 328 181 402
87 90 5 50 62 42 2 22 44 44 48 28 36 52 11 17 54 11 6 8 1 69 25 42 9 70 39 76 15 5
31 98 77 28 34 20 30 59 96 25 76 31 48 74 22 77 84 21 70 18 90 12 78 61 57 51 26 11 53 73
31 86 44 15 18 73 7 97 5 88 47 46 54 40 28 67 30 66 1 83 64 48 51 72 8 86 1 72 16 46
42 79 13 51 70 18 54 74 14 55 76 29 84 66 58 22 84 52 13 98 39 82 25 16 52 96 100 55 10 55
73 23 52 93 92 8 7 4 64 71 14 78 60 62 97 23 36 56 15 78 79 19 81 66 75 90 41 65 7 31
56 49 93 100 49 68 76 99 60 58 5 11 76 12 4 100 23 15 76 21 17 88 50 26 96 83 59 87 87 36
8 71 58 24 100 25 68 19 25 72 85 70 86 25 55 97 27 54 47 20 5 84 24 67 18 65 99 69 72 73
68 20 49 15 98 63 65 89 72 62 78 69 35 79 62 2 17 1 91 38 31 92 43 60 73 40 6 26 48 63
91 34 55 73 38 86 75 79 74 94 56 24 76 71 31 5 16 51 74 37 92 58 63 10 83 94 76 87 20 8
92 76 63 16 98 74 73 37 42 19 22 21 79 7 53 19 32 8 33 37 100 58 27 34 62 42 58 20 26 81
56 29 42 88 86 27 88 8 21 30 69 34 2 43 37 96 88 20 52 80 69 26 64 92 24 30 2 27 57 60
74 38 8 63 92 63 69 73 49 98 57 59 3 10 56 53 53 7 63 5 28 45 14 90 53 90 44 32 52 14
97 19 98 57 9 76 58 32 9 76 1 94 13 55 95 23 66 60 6 21 26 69 71 99 52 85 48 39 78 37
11 90 42 20 12 83 12 41 22 100 98 10 50 21 22 19 83 95 49 95 21 53 61 84 37 41 36 32 64 100
65 92 19 47 53 20 69 87 54 34 29 78 76 95 35 64 28 29 66 16 15 30 74 44 63 4 13 99 16 63
1 8 77 79 89 54 53 62 96 68 70 72 33 63 73 58 22 29 32 91 73 25 3 79 78 59 26 32 55 90
40 62 72 8 92 6 19 70 87 23 30 84 65 56 84 3 8 55 29 67 36 88 7 63 82 77 52 51 16 14
21 10 30 29 60 44 75 90 56 78 31 59 75 96 29 10 49 46 2 27 21 2 9 43 28 86 6 58 66 65
32 2 5 14 81 3 33 56 38 72 28 24 84 18 14 19 20 17 69 72 87 91 81 94 27 47 5 2 35 50
56 32 33 16 32 29 14 90 85 21 28 60 6 69 94 13 14 10 46 21 20 45 84 62 34 91 98 64 83 33
22 91 28 5 66 24 14 49 98 96 74 38 97 29 87 54 37 65 16 77 33 47 71 29 8 99 1 40 68 35
39 2 15 54 71 44 12 75 90 29 95 91 89 53 87 54 17 8 58 64 15 32 70 60 90 84 59 88 29 84
23 51 85 2 16 34 36 88 88 100 56 14 53 61 78 25 91 51 58 97 62 93 57 70 82 26 44 52 95 65
39 40 76 43 8 24 86 83 79 79 53 62 26 80 76 51 93 1 78 14 11 86 49 23 39 8 3 25 32 37
40 11 54 90 38 20 65 97 3 10 46 3 29 29 51 19 55 71 39 85 99 64 61 45 33 31 88 79 19 74
87 15 7 17 99 83 91 32 74 38 14 6 26 86 49 94 41 45 99 21 23 99 11 58 45 36 21 87 14 57
56 97 16 23 61 45 77 27 79 82 47 78 37 19 31 37 8 65 73 17 82 42 90 89 81 27 3 46 8 23
30 68 6 55 91 67 75 52 49 4 12 77 15 7 37 71 67 30 29 95 33 58 50 58 11 54 50 66 4 58
81 100 46 20 82 22 80 22 3 30 98 20 12 84 76 6 71 37 68 29 14 76 2 44 69 34 25 25 72 23
46 87 60 15 38 14 22 47 39 10 31 52 6 1 38 99 64 26 47 60 64 20 44 46 81 20 34 62 21 43
49 4 16 84 97 51 5 46 74 62 78 2 96 70 79 94 49 92 44 26 93 44 45 64 35 36 97 91 77 23
84 9 62 60 89 10 88 37 35 92 93 10 21 42 38 33 21 79 40 28 91 49 81 85 48 4 89 8 73 24
15 92 23 1 21 25 59 76 96 19 89 85 74 53 59 13 99 10 6 47 30 49 37 85 17 49 4 77 18 53
21 16 30 33 76 60 48 92 75 34 82 31 16 47 51 15 60 10 68 11 36 15 77 76 48 49 98 97 28 64
98 3 16 8 35 43 42 81 18 49 22 99 88 58 99 40 98 33 54 99 77 71 2 20 68 76 69 81 99 54
47 91 16 61 76 14 12 8 50 21 86 48 81 88 98 11 54 77 32 1 4 7 47 5 13 73 70 100 50 80
95 12 90 9 50 81 82 74 17 14 21 39 22 64 61 14 95 79 11 45 100 24 56 37 72 77 85 36 75 5
13 40 10 30 20 80 64 31 43 40 79 83 95 77 71 47 39 97 69 43 55 7 40 52 2 30 90 46 3 70
59 91 6 63 52 40 92 67 44 19 60 97 1 63 24 37 20 70 36 39 38 71 5 2 49 81 65 93 56 72
68 32 10 70 90 12 8 96 80 26 57 75 54 79 92 90 17 24 15 6 1 65 100 2 44 19 68 25 18 81
43 9 60 6 31 44 33 28 27 38 11 49 31 24 46 13 45 9 26 52 96 42 92 91 50 32 38 23 81 88
8 59 35 46 93 95 72 59 37 24 26 21 98 86 44 28 41 28 23 38 49 56 43 50 58 20 40 72 92 80
