14 14 30 3
14 19 7
13 20 20
20 14 11
11 6 11
19 6 12
13 16 15
8 15 10
16 11 18
20 13 5
15 7 9
9 16 14
8 6 10
11 15 13
9 13 18
9 15 17
20 7 13
8 12 17
6 11 8
16 20 8
14 8 16
17 17 20
7 9 17
5 10 16
20 8 7
13 10 9
16 8 7
10 8 13
12 16 17
16 8 10
14 17 6
130 331 290 301
129 203 162 135
129 218 249 164
129 361 245 492
58 261 324 452
75 176 350 366
26 218 244 269
59 348 256 435
101 305 233 214
36 109 128 476
120 93 109 187
57 136 245 320
86 170 290 277
104 268 310 120
31 65 37 42 26 71 99 100 87 29 54 80 42 88
76 62 37 59 4 81 65 63 25 53 44 80 25 99
49 40 42 70 62 57 24 10 81 46 11 43 84 39
56 42 36 76 25 63 96 21 84 25 68 52 81 26
91 38 82 14 14 57 51 100 82 46 28 16 73 35
2 39 32 20 3 48 17 76 77 78 53 38 42 83
97 30 40 76 84 95 96 57 5 74 93 52 97 100
70 33 24 73 21 31 90 19 37 36 94 29 81 85
22 57 89 48 54 18 90 74 80 61 56 41 40 83
69 28 90 38 46 40 71 32 64 41 62 91 27 33
64 61 21 50 96 21 56 55 83 32 12 37 65 41
2 86 32 70 7 87 18 43 45 26 90 28 33 99
63 49 22 57 84 60 6 24 98 56 30 4 53 54
65 9 54 11 94 17 46 48 90 85 83 96 70 24
59 79 12 16 43 1 10 72 17 95 4 95 25 69
29 71 98 44 78 35 76 80 88 5 61 45 41 69
89 65 79 51 82 34 42 8 13 36 15 58 33 11
84 9 70 76 73 70 81 48 74 30 22 33 81 86
72 53 78 72 73 65 23 74 84 25 59 63 69 56
5 57 21 34 62 1 10 44 77 80 63 26 13 29
16 15 18 53 87 40 17 71 5 1 6 79 66 100
27 47 47 93 1 75 55 19 3 63 15 21 57 1
52 69 2 75 65 16 3 79 13 60 24 52 59 43
46 90 89 49 8 54 65 99 9 41 77 100 92 77
34 65 99 44 64 98 23 28 95 24 11 23 74 67
75 94 29 35 96 97 29 36 73 6 25 16 88 31
28 60 93 87 11 82 2 67 91 49 70 12 30 89
17 95 25 14 60 41 85 83 27 57 84 83 81 56
15 97 99 10 81 17 36 58 20 46 48 66 94 51
88 24 75 77 86 15 25 90 73 67 51 100 85 63
50 47 26 23 19 58 20 45 57 58 2 95 30 82
57 45 51 85 4 41 100 30 83 42 8 69 93 95
43 44 45 82 78 78 16 99 94 25 25 74 66 50
45 75 95 99 69 77 29 65 14 89 36 50 32 76
92 50 63 13 22 68 15 27 45 43 15 21 9 91
31 29 8 8 56 82 41 59 73 66 70 52 94 4
28 76 1 5 76 63 4 69 38 52 71 61 1 35
67 20 62 94 92 84 87 50 67 3 25 100 45 6
25 89 64 58 100 59 62 32 33 20 39 80 40 30
57 42 9 90 74 23 57 63 49 68 19 79 1 98
64 47 69 97 90 39 7 68 90 100 36 4 12 80
38 40 19 29 18 42 24 100 86 65 98 78 7 67
130 181 106 108
129 263 333 137
129 138 220 270
13 357 333 344
126 257 132 364
91 236 267 328
120 223 351 320
82 107 279 229
78 190 243 287
61 348 367 342
124 190 297 147
119 211 248 345
36 128 233 316
64 249 108 432
82 96 3 48 50 22 67 79 87 65 74 56 95 64 10 63 87 11 5 30 96 9 80 94 20 38 83 90 12 12
4 94 36 68 60 62 70 10 27 4 25 58 60 38 56 71 7 21 23 23 14 76 89 13 25 42 66 25 77 80
26 43 77 42 16 47 97 22 88 16 36 86 44 4 1 31 100 76 65 9 81 31 18 41 42 3 86 19 100 61
54 80 72 75 38 25 48 73 16 32 64 26 95 67 71 27 45 39 2 91 22 46 76 74 56 85 13 53 70 24
19 72 38 51 50 3 1 68 72 86 28 90 65 12 60 75 85 70 96 94 63 50 29 16 74 96 47 69 7 76
83 72 85 25 4 58 19 59 75 52 69 73 11 4 3 7 60 26 79 21 88 93 62 61 5 44 7 13 95 10
70 100 15 7 75 42 55 35 23 57 14 12 66 38 21 95 36 92 25 91 6 91 93 43 10 81 96 43 1 47
24 3 82 54 13 13 58 30 69 27 85 77 24 10 14 7 77 67 68 57 58 29 93 29 59 57 99 52 85 45
56 17 82 76 46 100 43 57 17 25 96 56 30 53 96 68 35 13 24 1 3 11 3 97 59 81 49 72 83 95
13 86 22 16 59 42 45 25 69 8 23 7 24 42 63 97 51 29 71 88 38 94 4 43 12 62 25 71 25 38
2 45 63 58 71 16 20 25 10 30 71 68 83 84 37 10 93 37 39 93 33 81 96 14 20 29 64 80 82 68
16 87 58 85 43 67 78 75 47 48 12 79 86 79 67 28 51 7 99 51 10 47 5 32 47 1 87 5 54 23
90 82 69 62 98 63 37 57 20 92 65 15 59 80 43 55 83 40 96 65 37 73 46 75 83 33 13 96 46 93
49 14 23 39 87 59 60 36 22 11 23 3 35 55 88 76 28 30 73 94 80 74 33 85 84 49 28 80 54 31
12 53 12 62 47 100 21 29 4 91 14 51 6 30 72 52 30 45 80 18 86 42 38 70 28 26 94 28 82 26
68 3 31 1 7 38 84 90 39 39 55 98 18 8 13 2 20 15 62 63 47 7 86 63 36 3 78 22 65 7
90 98 82 12 61 16 3 75 83 13 72 46 62 47 16 64 99 79 84 52 72 70 18 65 46 90 33 43 17 63
32 53 2 21 41 25 32 77 71 19 64 77 79 46 75 53 27 47 54 32 37 70 19 32 33 22 98 72 31 21
77 12 29 19 6 84 78 18 95 96 100 88 11 15 31 19 97 55 36 12 95 4 70 64 81 29 2 2 28 89
25 48 74 73 11 84 98 87 29 47 17 35 45 49 28 2 25 99 66 97 66 1 44 2 63 36 30 73 33 36
55 52 46 39 11 18 51 2 34 15 51 39 85 82 12 53 64 87 4 83 71 98 30 32 100 71 31 37 68 75
21 86 7 58 9 42 76 60 10 10 12 60 65 93 10 72 65 58 42 54 33 44 32 54 31 63 68 65 83 32
22 37 89 42 36 11 88 7 33 83 11 64 26 65 98 36 11 66 95 69 64 4 84 10 9 4 16 34 66 22
99 46 85 78 71 68 69 10 46 23 94 77 69 1 49 61 79 3 95 52 2 34 32 67 65 35 98 62 70 73
61 12 75 4 1 91 35 91 83 45 44 70 94 34 53 37 51 52 91 10 21 66 34 41 16 56 22 20 63 80
41 17 80 33 63 11 6 35 33 88 66 89 58 13 45 90 63 64 22 73 81 84 82 30 58 98 88 36 50 36
22 88 31 45 92 39 13 37 22 72 68 37 8 6 53 41 95 35 72 56 18 67 6 71 49 60 35 16 58 4
4 74 98 20 41 47 84 70 44 86 32 58 67 87 54 100 72 44 35 51 72 42 38 32 4 9 24 9 86 45
76 49 48 33 50 13 46 14 99 71 50 19 83 68 10 76 40 22 52 20 74 78 38 41 84 69 92 67 82 60
61 30 63 46 45 97 51 38 36 71 45 15 66 91 9 21 30 84 30 10 44 62 8 67 79 83 97 79 49 28
2 24 83 99 88 24 76 9 19 82 6 46 66 37 28 61 72 46 4 83 51 13 44 41 28 11 14 17 98 14
14 5 46 99 47 74 28 51 69 56 39 81 87 77 12 2 66 76 55 82 3 32 85 47 51 17 75 34 46 47
57 12 8 49 25 84 16 78 50 28 19 39 43 40 35 24 8 91 90 91 36 66 8 6 37 59 78 38 57 58
31 66 15 54 71 10 63 95 69 30 99 66 53 8 57 72 63 100 96 84 80 42 35 85 25 58 1 87 55 73
62 12 26 14 99 85 23 6 78 48 61 96 20 61 44 64 10 95 89 22 60 75 34 24 20 14 8 42 3 44
1 46 58 1 88 45 95 61 100 56 8 41 60 81 93 50 64 50 69 33 14 74 74 8 77 18 77 53 80 33
19 42 36 28 64 86 91 49 91 80 45 61 50 17 75 80 74 18 90 41 21 63 32 42 77 66 82 58 83 6
16 13 13 85 85 15 52 96 65 70 5 70 72 26 26 40 85 53 65 56 34 34 23 30 62 68 55 21 5 95
57 21 43 38 99 98 55 28 28 43 59 100 75 30 19 14 78 34 33 86 5 53 87 85 68 57 90 73 60 72
100 58 2 42 55 25 31 7 42 76 28 5 36 65 22 8 31 49 21 71 24 2 78 95 74 49 3 66 4 44
70 20 27 29 98 97 69 98 10 40 12 10 53 10 63 31 18 57 73 63 99 5 36 1 62 11 67 72 86 17
30 37 38 37 49 92 65 59 78 44 2 38 17 63 57 24 93 46 49 100 69 15 89 80 4 1 54 81 3 67
