14 14 30 3
20 18 5
13 19 9
7 17 9
11 13 10
9 11 14
17 13 14
18 14 12
8 19 10
13 16 13
17 14 18
12 8 17
11 17 6
15 16 8
7 12 13
20 10 7
6 11 6
11 18 10
9 12 11
20 12 15
17 5 8
14 12 13
18 7 10
16 8 7
7 17 20
13 13 14
18 8 13
15 12 6
10 16 14
5 14 11
14 8 9
390 293 247 100
57 364 220 276
241 217 218 301
234 252 208 211
326 304 327 184
358 213 193 187
266 364 327 340
195 258 220 458
348 236 311 168
378 351 283 194
328 281 219 305
23 294 228 339
298 196 278 495
44 246 295 101
4 69 71 71 98 46 41 91 51 6 34 97 15 95
24 70 95 80 36 38 94 96 38 57 75 27 20 76
15 96 93 11 18 26 59 24 99 100 20 40 15 30
51 51 84 86 8 17 100 55 71 45 67 79 66 87
12 97 9 64 63 17 14 25 91 69 48 88 91 2
92 34 20 46 97 34 6 23 47 100 36 89 47 91
100 83 72 9 10 42 42 43 33 54 68 91 56 8
93 43 75 99 18 78 86 9 10 33 63 40 27 66
46 61 63 25 72 45 95 65 41 33 49 93 31 66
82 57 89 14 39 94 24 60 76 18 67 32 67 69
47 95 58 35 67 80 92 45 41 87 99 52 47 37
82 54 30 4 54 15 5 13 86 99 75 40 60 70
56 96 25 51 69 76 36 37 97 68 2 30 53 92
81 80 57 51 65 18 2 82 74 44 72 66 82 80
93 94 45 93 66 28 22 62 20 70 98 86 93 17
97 27 25 48 16 38 18 38 67 80 90 21 81 31
72 97 63 73 90 30 5 31 37 15 60 93 20 85
75 61 35 6 80 32 10 78 87 79 13 21 34 12
30 99 55 18 29 65 47 43 87 53 68 42 2 73
45 99 40 76 3 7 31 24 42 36 42 44 31 16
36 48 97 85 86 72 49 74 46 56 36 28 26 3
56 70 8 77 16 82 50 27 29 35 82 80 72 64
69 28 88 8 80 51 30 47 63 100 52 42 83 81
11 1 97 23 6 51 70 15 68 85 3 90 4 42
78 68 24 31 93 84 73 41 67 68 52 35 45 20
90 32 7 10 95 46 50 74 30 4 38 79 71 23
79 45 84 4 24 65 68 61 14 10 74 28 65 10
2 18 98 53 13 13 77 11 96 36 96 2 45 32
11 64 25 59 96 67 20 66 40 70 66 90 52 73
73 72 31 8 74 67 8 70 75 71 63 55 78 4
15 44 19 93 7 2 15 26 68 67 42 85 91 17
24 77 82 13 50 55 19 28 64 14 51 50 92 68
85 17 43 97 2 59 60 46 18 73 2 13 41 91
55 39 82 56 67 90 71 73 56 63 35 6 2 91
91 44 30 53 87 33 97 6 20 41 42 27 79 44
8 97 78 2 94 39 66 51 2 40 46 14 80 43
37 7 96 32 100 10 69 4 70 26 16 12 86 46
65 76 1 4 18 97 94 88 43 64 61 75 90 30
80 74 94 7 69 28 32 63 16 7 98 6 71 11
59 94 98 87 18 91 36 38 80 19 9 96 2 20
11 77 99 16 49 88 49 13 50 28 67 56 39 64
29 1 94 69 95 59 23 5 60 54 95 57 22 82
390 257 255 167
233 200 241 129
221 271 201 357
291 260 274 488
297 247 332 369
109 386 188 377
319 205 245 258
152 350 261 214
184 284 274 282
115 362 184 226
38 312 237 217
185 342 276 141
388 383 272 315
307 268 179 164
34 19 43 22 91 97 72 62 19 46 53 72 17 86 7 39 43 47 34 29 91 63 10 57 55 72 14 25 65 47
65 46 7 5 8 77 47 55 78 92 76 96 35 34 24 15 46 51 77 70 9 11 88 45 94 98 10 65 72 90
43 1 94 69 82 27 4 90 50 25 80 93 54 10 4 37 61 73 51 31 19 80 44 95 64 72 85 90 2 46
63 89 33 17 99 53 7 89 48 11 98 95 7 89 59 73 86 86 94 52 54 98 25 8 1 42 41 64 98 87
23 24 52 8 47 73 17 48 38 77 78 81 20 52 100 50 7 16 13 61 27 92 23 16 35 28 54 44 20 26
93 99 27 24 43 31 22 34 28 25 37 31 60 25 14 81 82 37 73 30 34 89 37 42 57 8 59 26 71 42
53 38 50 13 37 41 87 52 17 33 20 38 59 47 38 50 6 24 42 1 44 13 38 9 2 75 1 87 77 20
70 65 46 42 51 14 64 38 83 33 28 19 22 30 91 40 46 35 12 76 56 73 23 45 91 17 72 29 83 7
76 26 89 1 25 84 26 50 100 15 34 62 60 65 94 32 1 11 1 25 30 77 35 20 60 98 37 54 89 35
38 28 51 71 53 33 34 18 59 69 85 22 40 96 4 24 45 87 85 79 20 48 49 89 42 47 38 73 36 93
69 17 72 40 87 72 58 99 59 77 82 55 30 33 25 4 34 65 9 73 71 88 74 54 25 33 61 75 91 23
53 24 51 40 6 8 14 43 44 11 52 28 58 96 30 50 97 7 97 98 4 13 14 66 15 77 83 34 54 78
35 32 42 8 97 94 18 46 68 73 93 80 18 74 74 22 89 51 56 42 46 72 99 36 39 22 39 41 43 48
95 26 28 16 21 83 74 48 42 62 44 84 48 14 49 81 95 75 53 52 73 22 13 7 14 39 11 89 22 39
37 70 5 16 63 5 60 56 18 15 36 64 87 82 100 23 41 24 80 99 29 15 78 66 26 32 36 2 63 47
13 14 35 51 71 63 95 38 78 51 12 39 75 51 82 51 55 4 68 41 71 81 86 99 28 36 17 1 75 90
31 22 69 54 18 1 85 53 85 19 30 97 95 39 15 83 84 52 35 72 43 70 48 3 33 32 93 27 19 57
33 43 51 77 91 97 29 11 20 18 7 83 76 71 22 66 100 84 93 49 35 35 48 47 45 23 3 100 55 21
58 19 45 11 54 45 74 58 40 1 28 23 45 97 75 32 99 26 96 73 1 74 29 7 13 79 97 28 54 84
76 74 66 20 57 13 62 34 66 24 50 91 34 24 46 82 15 61 33 35 87 91 21 3 10 92 78 48 48 95
52 98 87 58 68 17 4 33 9 96 75 77 77 40 50 92 1 42 1 68 71 53 11 48 50 44 16 47 8 99
39 22 42 59 95 64 68 2 36 45 71 43 69 2 58 84 57 91 57 9 75 72 87 55 21 77 4 27 22 64
16 89 60 50 77 29 34 15 82 51 73 40 4 34 70 63 94 62 69 55 2 47 39 20 45 37 100 57 53 26
70 80 21 97 49 55 26 85 65 38 91 89 12 43 31 36 96 44 61 8 38 40 88 37 92 73 37 14 84 36
93 90 86 10 82 78 29 15 96 5 74 41 11 89 46 64 38 45 82 24 25 74 93 88 54 90 2 43 77 95
91 21 79 88 37 49 70 29 24 33 20 67 76 23 8 90 60 98 8 65 13 30 19 40 90 66 75 55 80 36
50 26 6 86 53 63 99 58 55 40 47 20 6 37 44 28 89 97 98 22 98 83 82 79 94 93 1 58 14 50
66 55 46 74 73 44 70 90 38 73 91 42 38 58 8 4 51 43 12 81 88 54 41 23 64 19 76 35 69 69
67 77 36 19 38 44 67 79 70 58 72 98 80 63 55 88 18 6 40 38 47 3 50 14 76 21 50 39 16 11
30 17 36 53 42 13 30 79 72 65 86 46 62 73 34 42 53 40 100 59 28 38 14 38 93 85 66 93 75 23
26 30 39 59 3 93 50 10 34 8 81 92 42 89 30 66 87 40 93 100 26 35 27 88 22 48 29 16 59 89
28 87 88 95 14 36 65 70 81 76 77 85 72 27 81 44 33 39 10 51 10 39 74 71 85 77 66 77 88 52
44 94 36 90 48 64 30 36 85 60 92 63 7 33 39 21 89 7 18 75 34 22 12 12 97 79 48 34 16 79
1 83 22 55 66 54 100 79 28 84 56 12 25 74 1 74 64 45 90 46 92 47 39 93 31 58 13 76 48 37
43 9 4 17 26 24 15 61 24 62 74 43 39 39 51 62 72 7 3 88 73 13 89 67 81 54 3 21 78 31
88 20 85 53 47 38 78 22 18 18 81 12 90 74 25 87 20 89 42 45 18 81 42 88 55 84 12 18 19 90
13 2 50 10 7 73 85 17 17 83 58 40 43 50 14 93 46 41 1 94 63 72 88 51 41 72 5 58 18 67
18 35 64 65 79 45 17 86 20 32 16 63 71 38 59 91 51 52 16 11 48 32 99 99 40 34 19 2 22 13
14 20 96 1 76 25 19 7 23 29 34 8 31 91 85 24 18 72 62 29 3 45 62 10 5 49 56 95 47 100
58 25 74 4 65 92 1 59 43 79 43 100 46 53 4 34 96 99 70 4 19 64 15 99 18 99 89 16 67 23
18 15 83 78 21 38 100 42 1 62 42 48 32 19 79 57 94 100 7 78 53 24 59 8 8 65 10 72 17 45
42 31 15 16 29 39 6 100 3 29 44 94 5 47 92 89 35 38 28 50 47 37 29 57 82 37 19 74 84 88
