14 14 30 3
8 12 16
6 7 8
11 13 5
17 6 6
11 19 19
6 6 10
12 9 11
16 13 10
11 11 10
11 20 17
15 19 5
16 16 8
7 14 7
14 12 8
17 11 20
20 20 10
9 20 8
17 6 6
8 8 20
13 10 20
19 7 8
18 11 14
13 19 5
13 5 9
7 8 19
6 13 11
13 5 17
6 16 7
17 5 16
11 20 5
53 269 242 226
53 91 103 453
53 199 124 106
52 185 198 441
52 176 200 467
52 250 145 300
52 183 205 212
3 200 104 156
30 311 315 394
1 204 265 253
38 326 163 208
31 52 145 449
26 180 335 378
11 303 269 156
100 65 7 98 27 35 27 48 23 13 31 63 66 74
100 70 75 43 31 57 84 40 17 10 9 21 4 99
25 28 53 30 3 86 85 75 98 58 84 91 28 57
21 34 22 48 27 34 22 44 93 68 87 32 70 63
27 75 31 39 52 24 16 57 32 22 18 1 34 41
89 42 26 22 74 40 89 31 83 44 60 70 100 71
58 69 37 1 87 69 27 25 69 70 75 100 62 68
40 32 52 74 61 27 41 10 79 17 36 38 63 91
5 75 22 62 100 76 49 6 68 49 13 93 84 85
26 28 50 98 70 12 29 48 32 14 8 86 57 33
92 87 42 85 14 24 53 72 7 35 49 82 6 28
10 76 95 7 81 39 48 52 71 80 53 29 22 16
41 69 72 5 98 34 42 60 12 66 91 57 38 15
3 1 97 7 75 70 3 43 77 88 34 69 3 70
90 24 26 8 81 38 65 44 4 16 90 97 81 72
19 77 27 33 6 91 17 16 5 64 85 71 54 24
2 75 44 19 55 85 69 73 2 29 25 66 45 14
54 73 20 4 59 25 90 29 74 10 79 23 52 26
79 38 89 34 42 9 76 49 67 83 43 21 82 88
8 41 81 33 38 57 51 51 48 32 44 71 57 37
14 64 45 75 89 12 3 60 15 82 96 10 16 68
57 42 77 76 53 25 26 97 19 39 33 43 95 28
60 97 91 12 61 63 8 77 81 87 55 100 30 63
25 17 56 30 8 70 20 37 53 84 97 36 49 20
85 3 100 16 79 36 37 29 100 28 72 92 79 51
29 82 55 58 31 99 75 32 29 86 76 97 38 75
49 91 71 62 84 2 79 39 71 29 20 91 79 68
50 35 85 23 52 9 1 98 90 38 37 57 40 20
82 75 85 69 20 35 74 30 10 91 22 86 59 67
11 64 75 1 73 24 92 2 81 72 38 88 15 86
45 49 54 42 99 69 24 90 59 10 91 24 74 50
18 15 88 15 26 35 15 54 80 92 100 68 36 24
59 46 32 28 64 46 50 54 70 51 37 60 23 52
96 13 93 86 74 30 41 56 59 66 33 65 46 86
78 93 18 64 74 59 79 77 92 27 46 88 51 74
34 74 96 43 30 76 95 35 66 96 7 88 47 2
11 95 45 30 32 86 67 34 1 9 76 82 55 47
60 49 54 2 86 40 90 4 83 18 52 50 55 74
8 38 50 37 73 18 30 40 73 14 88 90 85 66
19 31 75 76 17 53 28 18 93 48 88 30 95 75
31 91 17 79 60 78 89 66 49 67 30 44 99 23
84 71 2 98 49 35 28 99 43 9 30 45 7 68
53 192 130 145
53 243 70 367
53 303 254 256
52 253 180 361
52 345 182 395
52 86 301 467
52 340 49 146
22 135 326 153
42 152 308 183
19 262 233 369
28 119 302 234
27 270 274 129
50 97 271 326
49 239 299 276
64 87 44 86 46 70 71 31 39 61 37 77 22 2 95 69 39 78 11 42 35 8 88 90 17 93 94 74 7 31
31 17 43 79 63 39 57 13 8 72 81 80 86 94 16 1 31 38 72 55 38 9 91 75 6 45 83 16 75 90
8 42 82 97 20 100 2 94 18 55 86 98 76 97 71 30 51 26 73 60 34 40 100 78 51 4 68 6 58 76
65 2 75 43 27 6 58 23 97 46 10 54 53 12 66 13 55 59 9 46 34 64 86 60 79 72 22 89 86 47
35 21 66 73 86 17 4 82 19 11 99 87 64 49 71 59 32 68 71 12 40 69 26 13 59 66 67 11 33 8
25 36 65 43 50 60 24 89 94 73 8 42 14 19 29 29 65 37 49 44 73 36 14 48 81 23 27 37 87 84
10 47 69 45 20 60 40 81 63 35 21 86 22 22 90 89 40 6 72 100 44 38 51 88 58 90 71 42 23 70
50 31 97 18 99 66 93 80 38 67 23 55 41 33 1 41 4 29 5 60 92 54 83 2 2 69 95 27 30 78
44 21 46 7 13 62 62 87 22 34 43 50 82 93 51 22 55 49 82 58 25 2 25 72 30 48 19 59 22 23
13 5 83 36 74 68 62 70 2 43 69 48 71 91 1 61 52 87 84 35 4 97 32 74 38 72 5 54 15 84
57 24 10 96 77 91 29 96 85 1 9 19 92 40 7 87 65 82 66 90 83 34 91 5 90 83 86 5 61 34
19 93 68 82 80 74 41 85 50 85 38 70 19 19 28 8 100 26 35 64 56 23 52 42 73 17 46 57 40 29
40 54 79 92 38 81 76 93 61 58 14 75 6 87 8 68 29 71 65 37 28 71 26 71 79 49 55 31 38 97
82 25 79 46 3 88 86 32 48 94 62 9 13 14 40 72 51 72 82 53 88 99 6 32 32 80 26 32 69 51
76 72 91 30 47 4 5 19 62 9 93 45 92 7 15 17 48 30 4 74 92 12 65 87 19 87 94 75 58 100
84 64 71 26 94 63 25 57 24 48 59 93 35 83 73 68 64 68 86 19 89 14 37 13 3 59 87 42 62 93
48 99 22 15 58 91 23 3 95 7 6 29 67 33 6 86 43 100 19 35 13 21 14 9 76 87 95 80 31 56
76 46 15 50 43 52 39 44 7 94 90 44 47 27 33 2 56 92 45 12 45 56 58 99 74 63 38 68 96 50
95 35 42 77 61 5 75 9 90 84 38 93 40 65 51 90 90 22 25 17 22 83 61 98 30 69 28 32 85 82
12 73 93 25 48 64 89 18 51 48 59 86 76 43 13 18 93 13 53 69 15 67 23 33 96 71 58 29 59 69
6 12 28 50 100 40 36 92 42 40 51 63 33 6 68 62 38 80 38 48 31 2 13 63 29 7 2 87 91 66
38 10 41 33 50 71 52 40 95 82 35 58 99 48 64 28 54 91 46 22 36 69 37 15 51 50 25 55 56 8
74 48 54 94 49 8 57 46 91 80 67 13 66 54 73 97 71 88 1 18 48 38 67 39 37 63 43 22 85 66
74 79 91 15 5 87 10 36 44 54 25 15 81 13 24 19 60 55 52 14 61 61 73 13 81 78 28 30 29 63
92 47 61 2 53 27 84 6 69 82 17 80 58 98 28 23 25 81 54 44 35 26 22 95 27 81 70 17 69 87
73 69 22 36 67 60 26 89 2 31 50 97 33 82 64 80 54 36 41 53 37 70 42 58 27 66 64 25 54 95
30 85 16 81 99 22 68 98 17 84 26 47 90 9 93 85 90 65 71 13 71 49 28 87 44 39 51 60 36 46
98 9 60 32 87 13 59 30 19 42 22 87 31 34 9 72 18 84 18 29 38 48 42 87 35 75 61 1 10 89
100 34 28 78 63 95 13 73 6 18 60 63 14 84 6 86 59 27 32 19 3 25 93 100 71 26 99 78 94 79
74 1 64 21 11 72 29 40 70 100 36 78 51 56 86 51 56 50 86 95 19 69 4 93 87 36 34 73 99 7
13 34 14 86 55 53 9 76 25 37 48 100 81 88 99 57 14 13 79 49 23 82 87 18 5 96 87 93 6 80
46 28 74 60 87 44 44 89 12 95 98 25 98 55 94 9 10 53 39 89 38 58 41 82 59 99 87 6 90 68
49 4 25 67 41 51 56 81 100 26 11 15 18 16 16 34 22 43 23 93 15 34 18 5 26 97 78 11 39 71
64 11 76 79 84 34 60 24 3 91 12 9 2 39 55 79 74 6 67 11 64 42 87 77 2 62 6 81 3 74
69 81 37 99 22 64 59 33 86 58 24 78 75 34 66 91 25 20 17 86 6 84 57 25 93 30 15 63 30 1
4 52 5 44 73 43 3 85 51 41 82 29 26 89 13 44 56 52 69 81 8 49 97 63 52 26 96 63 17 57
30 26 28 12 29 54 87 27 80 31 50 95 60 11 46 84 9 28 27 19 23 65 50 87 69 59 67 84 31 9
5 38 10 44 51 28 27 75 4 23 45 37 41 94 28 95 46 11 85 21 65 12 77 9 85 20 82 70 94 16
63 91 98 62 52 11 81 79 55 80 54 32 54 78 29 22 38 70 18 21 31 76 40 6 67 5 3 15 31 15
4 66 88 51 3 4 64 91 65 89 79 99 76 78 62 30 100 23 12 8 25 25 26 76 36 39 87 33 21 9
53 40 27 84 12 16 65 6 15 89 28 75 76 1 48 17 6 60 84 2 80 66 79 46 40 98 68 35 51 15
84 24 50 57 88 31 66 42 61 66 66 18 15 54 68 89 81 4 31 21 64 100 93 96 58 57 99 1 30 75
